[HouseData]
Venta = 0
Nivel = 3
Interior = 0
CInterior = 0
CExterior = 0
Owner = Nobody
ExteriorX = 766.783447
ExteriorY = -1605.625366
ExteriorZ = 13.803853
ExteriorR = 0.000000
ExteriorA = 89.966781
InteriorX = -441.482086
InteriorY = 2772.467285
InteriorZ = 70.429687
InteriorR = 0.000000
InteriorA = 86.804748
Seguro = 1
Renta = 0
RentaPrecio = 1
Precio = 75000
SafeMoney = 0
Pot = 0
Crack = 0
Materials = 0
Wep1 = 0
Wep2 = 0
Wep3 = 0
Wep4 = 0
Wep5 = 0
