[HouseData]
Venta = 0
Nivel = 3
Interior = 1
CInterior = 0
CExterior = 0
Owner = Nobody
ExteriorX = 2153.839111
ExteriorY = -1243.735839
ExteriorZ = 25.367187
ExteriorR = 0.000000
ExteriorA = 0.962458
InteriorX = -585.604003
InteriorY = 2825.086669
InteriorZ = 52.607810
InteriorR = 0.000000
InteriorA = 165.108642
Seguro = 1
Renta = 0
RentaPrecio = 1
Precio = 48000
SafeMoney = 0
Pot = 0
Crack = 0
Materials = 0
Wep1 = 0
Wep2 = 0
Wep3 = 0
Wep4 = 0
Wep5 = 0
FCount = 11
FModel0 = 0
FPosX0 = 0.000000
FPosY0 = 0.000000
FPosZ0 = 0.000000
FRotX0 = 0.000000
FRotY0 = 0.000000
FRotZ0 = 0.000000
FModel1 = 2255
FModel2 = 2572
FModel3 = 2517
FPosX3 = -590.595642
FPosY3 = 2826.569091
FPosZ3 = 51.587825
FRotX3 = 0.000000
FRotY3 = 0.000000
FRotZ3 = 0.000000
FPosX2 = -575.086791
FPosY2 = 2829.240478
FPosZ2 = 54.087810
FRotX2 = 0.000000
FRotY2 = 0.000000
FRotZ2 = 0.000000
FPosX1 = -582.061401
FPosY1 = 2829.822509
FPosZ1 = 53.207801
FRotX1 = 0.000000
FRotY1 = 0.000000
FRotZ1 = -89.999946
FModel4 = 2514
FPosX4 = -590.481384
FPosY4 = 2826.459228
FPosZ4 = 51.577823
FRotX4 = 0.000000
FRotY4 = 0.000000
FRotZ4 = -90.900009
FModel5 = 1786
FModel6 = 2229
FModel7 = 2229
FModel8 = 2090
FModel9 = 1825
FModel10 = 2523
FPosX10 = -591.901367
FPosY10 = 2824.849121
FPosZ10 = 51.587821
FRotX10 = 0.000000
FRotY10 = 0.000000
FRotZ10 = 89.699958
FPosX8 = -578.634216
FPosY8 = 2826.194335
FPosZ8 = 51.587814
FRotX8 = 0.000000
FRotY8 = 0.000000
FRotZ8 = 0.000000
FPosX7 = -577.971923
FPosY7 = 2822.933349
FPosZ7 = 52.907073
FRotX7 = 0.000000
FRotY7 = -43.700008
FRotZ7 = -179.200027
FPosX9 = -582.521850
FPosY9 = 2825.360595
FPosZ9 = 51.547809
FRotX9 = 0.000000
FRotY9 = 0.000000
FRotZ9 = 0.000000
FPosX6 = -578.642700
FPosY6 = 2822.987304
FPosZ6 = 52.460269
FRotX6 = -0.999998
FRotY6 = 45.500000
FRotZ6 = 179.400009
FPosX5 = -577.979492
FPosY5 = 2822.995849
FPosZ5 = 53.743247
FRotX5 = 9.500000
FRotY5 = 0.000000
FRotZ5 = 179.999938
FModel11 = 0
FModel12 = 0
FModel13 = 0
FModel14 = 18646
FPosX11 = 0.000000
FPosY11 = 0.000000
FPosZ11 = 0.000000
FRotX11 = 0.000000
FRotY11 = 0.000000
FRotZ11 = 0.000000
FPosX12 = 0.000000
FPosY12 = 0.000000
FPosZ12 = 0.000000
FRotX12 = 0.000000
FRotY12 = 0.000000
FRotZ12 = 0.000000
FPosX13 = 0.000000
FPosY13 = 0.000000
FPosZ13 = 0.000000
FRotX13 = 0.000000
FRotY13 = 0.000000
FRotZ13 = 0.000000
FPosX14 = -585.855529
FPosY14 = 2824.241699
FPosZ14 = 54.117771
FRotX14 = 0.000000
FRotY14 = 0.000000
FRotZ14 = 0.000000
