[HouseData]
Venta = 0
Nivel = 5
Interior = 0
CInterior = 0
CExterior = 0
Owner = Nobody
ExteriorX = 1527.792602
ExteriorY = -772.555297
ExteriorZ = 80.578125
ExteriorR = 0.000000
ExteriorA = 314.351501
InteriorX = -441.284027
InteriorY = 2772.060058
InteriorZ = 70.429687
InteriorR = 0.000000
InteriorA = 210.186950
Seguro = 1
Renta = 0
RentaPrecio = 0
Precio = 100000
SafeMoney = 0
Pot = 0
Crack = 0
Materials = 0
Wep1 = 0
Wep2 = 0
Wep3 = 0
Wep4 = 0
Wep5 = 0
