[HouseData]
Venta = 0
Nivel = 5
Interior = 0
CInterior = 0
CExterior = 0
Owner = Nobody
ExteriorX = 1535.767333
ExteriorY = -885.294921
ExteriorZ = 57.657482
ExteriorR = 0.000000
ExteriorA = 137.964462
InteriorX = 107.457473
InteriorY = 2791.285400
InteriorZ = 53.139060
InteriorR = 0.000000
InteriorA = 108.184226
Seguro = 1
Renta = 0
RentaPrecio = 0
Precio = 100000
SafeMoney = 0
Pot = 0
Crack = 0
Materials = 0
Wep1 = 0
Wep2 = 0
Wep3 = 0
Wep4 = 0
Wep5 = 0
