[HouseData]
Venta = 0
Nivel = 2
Interior = 1
CInterior = 0
CExterior = 0
Owner = Nobody
ExteriorX = 1954.393432
ExteriorY = -1074.912597
ExteriorZ = 24.796701
ExteriorR = 0.000000
ExteriorA = 261.451171
InteriorX = -585.860107
InteriorY = 2824.697021
InteriorZ = 52.607810
InteriorR = 0.000000
InteriorA = 328.049377
Seguro = 1
Renta = 0
RentaPrecio = 0
Precio = 45000
SafeMoney = 0
Pot = 0
Crack = 0
Materials = 0
Wep1 = 0
Wep2 = 0
Wep3 = 0
Wep4 = 0
Wep5 = 0
