[HouseData]
Venta = 0
Nivel = 3
Interior = 1
CInterior = 0
CExterior = 0
Owner = Nobody
ExteriorX = 2067.671142
ExteriorY = -1643.862548
ExteriorZ = 14.136316
ExteriorR = 0.000000
ExteriorA = 258.067749
InteriorX = -585.580627
InteriorY = 2824.688232
InteriorZ = 52.607810
InteriorR = 0.000000
InteriorA = 0.924925
Seguro = 1
Renta = 0
RentaPrecio = 1
Precio = 48000
SafeMoney = 0
Pot = 0
Crack = 0
Materials = 0
Wep1 = 0
Wep2 = 0
Wep3 = 0
Wep4 = 0
Wep5 = 0
FCount = 1
FModel0 = 0
FModel1 = 2136
FPosX0 = 0.000000
FPosY0 = 0.000000
FPosZ0 = 0.000000
FRotX0 = 0.000000
FRotY0 = 0.000000
FRotZ0 = 0.000000
FPosX1 = -588.459777
FPosY1 = 2829.552246
FPosZ1 = 51.617763
FRotX1 = -0.100003
FRotY1 = 0.799998
FRotZ1 = -90.199851
