[HouseData]
Venta = 0
Nivel = 3
Interior = 1
CInterior = 0
CExterior = 0
Owner = Nobody
ExteriorX = 2018.162353
ExteriorY = -1703.401977
ExteriorZ = 14.234375
ExteriorR = 0.000000
ExteriorA = 275.918365
InteriorX = -585.604003
InteriorY = 2825.086669
InteriorZ = 52.607810
InteriorR = 0.000000
InteriorA = 165.108642
Seguro = 1
Renta = 0
RentaPrecio = 0
Precio = 48000
SafeMoney = 0
Pot = 0
Crack = 0
Materials = 0
Wep1 = 0
Wep2 = 0
Wep3 = 0
Wep4 = 0
Wep5 = 0
