[HouseData]
Venta = 0
Nivel = 5
Interior = 0
CInterior = 0
CExterior = 0
Owner = Nobody
ExteriorX = 2091.007324
ExteriorY = -1277.980957
ExteriorZ = 26.179687
ExteriorR = 0.000000
ExteriorA = 176.303451
InteriorX = -461.531311
InteriorY = 2766.580810
InteriorZ = 69.265625
InteriorR = 0.000000
InteriorA = 95.169006
Seguro = 1
Renta = 0
RentaPrecio = 0
Precio = 1
SafeMoney = 0
Pot = 0
Crack = 0
Materials = 0
Wep1 = 0
Wep2 = 0
Wep3 = 0
Wep4 = 0
Wep5 = 0
