[HouseData]
Venta = 0
Nivel = 3
Interior = 1
CInterior = 0
CExterior = 0
Owner = Nobody
ExteriorX = 1973.280883
ExteriorY = -1654.667724
ExteriorZ = 15.968750
ExteriorR = 0.000000
ExteriorA = 1.096286
InteriorX = -586.017883
InteriorY = 2824.640869
InteriorZ = 52.607810
InteriorR = 0.000000
InteriorA = 354.298095
Seguro = 1
Renta = 1
RentaPrecio = 200
Precio = 25000
SafeMoney = 0
Pot = 0
Crack = 0
Materials = 0
Wep1 = 0
Wep2 = 0
Wep3 = 0
Wep4 = 0
Wep5 = 0
FCount = 10
FModel0 = 2617
FModel1 = 2288
FModel2 = 2118
FModel3 = 2026
FModel4 = 2522
FModel5 = 2525
FModel6 = 14720
FModel7 = 2822
FModel8 = 2820
FModel9 = 2298
FModel10 = 0
FPosX0 = -585.837768
FPosY0 = 2830.170166
FPosZ0 = 52.237850
FRotX0 = 0.000000
FRotY0 = 0.000000
FRotZ0 = 0.000000
FPosX1 = -587.224426
FPosY1 = 2828.985595
FPosZ1 = 53.162246
FRotX1 = 1.499999
FRotY1 = 0.599999
FRotZ1 = 88.699966
FPosX2 = -585.191040
FPosY2 = 2827.932861
FPosZ2 = 51.597816
FRotX2 = 0.000000
FRotY2 = 0.000000
FRotZ2 = 0.000000
FPosX3 = -584.865539
FPosY3 = 2828.349365
FPosZ3 = 54.607810
FRotX3 = 0.000000
FRotY3 = 0.000000
FRotZ3 = 0.000000
FPosX4 = -591.871704
FPosY4 = 2827.541503
FPosZ4 = 51.627815
FRotX4 = 0.000000
FRotY4 = 0.000000
FRotZ4 = 0.000000
FPosX5 = -591.883056
FPosY5 = 2824.970947
FPosZ5 = 51.620018
FRotX5 = 0.000000
FRotY5 = 0.000000
FRotZ5 = 90.899993
FPosX6 = -592.325256
FPosY6 = 2829.682617
FPosZ6 = 51.440029
FRotX6 = 0.000000
FRotY6 = 0.000000
FRotZ6 = 0.000000
FPosX7 = -588.311096
FPosY7 = 2828.661376
FPosZ7 = 52.437786
FRotX7 = 0.000000
FRotY7 = 0.000000
FRotZ7 = 0.000000
FPosX8 = -592.483459
FPosY8 = 2830.625732
FPosZ8 = 52.447814
FRotX8 = 0.000000
FRotY8 = 0.000000
FRotZ8 = 0.000000
FPosX9 = -575.694274
FPosY9 = 2827.359619
FPosZ9 = 51.646530
FRotX9 = -0.099999
FRotY9 = -0.299999
FRotZ9 = 179.500000
FPosX10 = 0.000000
FPosY10 = 0.000000
FPosZ10 = 0.000000
FRotX10 = 0.000000
FRotY10 = 0.000000
FRotZ10 = 0.000000
