[HouseData]
Venta = 0
Nivel = 7
Interior = 0
CInterior = 0
CExterior = 0
Owner = Nobody
ExteriorX = 900.227600
ExteriorY = -1447.406250
ExteriorZ = 14.370467
ExteriorR = 0.000000
ExteriorA = 95.233901
InteriorX = -561.639099
InteriorY = 2823.064697
InteriorZ = 56.729686
InteriorR = 0.000000
InteriorA = 348.849822
Seguro = 1
Renta = 0
RentaPrecio = 500
Precio = 150000
SafeMoney = 0
Pot = 0
Crack = 0
Materials = 0
Wep1 = 0
Wep2 = 0
Wep3 = 0
Wep4 = 0
Wep5 = 0
FCount = 5
FModel0 = 1786
FModel1 = 1799
FModel2 = 0
FPosX0 = -555.119934
FPosY0 = 2822.299316
FPosZ0 = 57.657001
FRotX0 = 0.000000
FRotY0 = 0.000000
FRotZ0 = -179.299957
FPosX1 = -555.602050
FPosY1 = 2827.590332
FPosZ1 = 55.766994
FRotX1 = 0.000000
FRotY1 = 0.000000
FRotZ1 = -0.799987
FPosX2 = 0.000000
FPosY2 = 0.000000
FPosZ2 = 0.000000
FRotX2 = 0.000000
FRotY2 = 0.000000
FRotZ2 = 0.000000
FModel3 = 1719
FModel4 = 1208
FPosX4 = -560.475219
FPosY4 = 2840.087890
FPosZ4 = 55.742965
FRotX4 = 0.000000
FRotY4 = 0.099999
FRotZ4 = -178.699966
FPosX3 = -555.291320
FPosY3 = 2823.279785
FPosZ3 = 56.542949
FRotX3 = 0.000000
FRotY3 = 0.000000
FRotZ3 = 179.399978
FModel5 = 2357
FPosX5 = -555.312683
FPosY5 = 2823.521484
FPosZ5 = 56.112945
FRotX5 = 0.000000
FRotY5 = 0.000000
FRotZ5 = -0.600002
