[HouseData]
Venta = 0
Nivel = 7
Interior = 0
CInterior = 0
CExterior = 0
Owner = Nobody
ExteriorX = 852.282104
ExteriorY = -1423.263061
ExteriorZ = 14.136646
ExteriorR = 0.000000
ExteriorA = 183.594726
InteriorX = -561.639099
InteriorY = 2823.064697
InteriorZ = 56.729686
InteriorR = 0.000000
InteriorA = 348.849822
Seguro = 1
Renta = 0
RentaPrecio = 0
Precio = 150000
SafeMoney = 0
Pot = 0
Crack = 0
Materials = 0
Wep1 = 0
Wep2 = 0
Wep3 = 0
Wep4 = 0
Wep5 = 0
