[HouseData]
Venta = 0
Nivel = 5
Interior = 0
CInterior = 0
CExterior = 0
Owner = Nobody
ExteriorX = 745.091918
ExteriorY = -556.784790
ExteriorZ = 18.012926
ExteriorR = 0.000000
ExteriorA = 183.534133
InteriorX = -407.766021
InteriorY = 2793.324707
InteriorZ = 69.849998
InteriorR = 0.000000
InteriorA = 77.332244
Seguro = 1
Renta = 0
RentaPrecio = 1
Precio = 100000
SafeMoney = 0
Pot = 0
Crack = 0
Materials = 0
Wep1 = 0
Wep2 = 0
Wep3 = 0
Wep4 = 0
Wep5 = 0
FCount = 2
FModel0 = 19388
FModel1 = 2255
FPosX0 = -414.167755
FPosY0 = 2796.341308
FPosZ0 = 70.599960
FRotX0 = 0.000000
FRotY0 = 0.000000
FRotZ0 = 0.000000
FPosX1 = -410.137878
FPosY1 = 2795.370849
FPosZ1 = 69.849998
FRotX1 = 0.000000
FRotY1 = 0.000000
FRotZ1 = 0.000000
