[HouseData]
Venta = 0
Nivel = 4
Interior = 0
CInterior = 0
CExterior = 0
Owner = Nobody
ExteriorX = 2110.930664
ExteriorY = -1244.391357
ExteriorZ = 25.851562
ExteriorR = 0.000000
ExteriorA = 184.691909
InteriorX = -561.464721
InteriorY = 2823.065917
InteriorZ = 56.729686
InteriorR = 0.000000
InteriorA = 8.084877
Seguro = 1
Renta = 0
RentaPrecio = 0
Precio = 290000
SafeMoney = 0
Pot = 0
Crack = 0
Materials = 0
Wep1 = 0
Wep2 = 0
Wep3 = 0
Wep4 = 0
Wep5 = 0
FCount = 18
FModel0 = 2528
FModel1 = 2524
FModel2 = 2526
FPosX0 = -564.339599
FPosY0 = 2837.281738
FPosZ0 = 55.722957
FRotX0 = -0.099998
FRotY0 = 1.600000
FRotZ0 = 94.299949
FPosX1 = -560.645385
FPosY1 = 2837.629882
FPosZ1 = 55.751922
FRotX1 = -1.600000
FRotY1 = 0.000000
FRotZ1 = -94.099975
FPosX2 = -562.956726
FPosY2 = 2839.950439
FPosZ2 = 55.759708
FRotX2 = 0.000000
FRotY2 = 0.000000
FRotZ2 = 0.000000
FModel3 = 1502
FModel4 = 2026
FPosX3 = -562.465881
FPosY3 = 2835.487548
FPosZ3 = 55.766986
FRotX3 = 0.000000
FRotY3 = 0.000000
FRotZ3 = 0.000000
FPosX4 = -562.115661
FPosY4 = 2837.964111
FPosZ4 = 59.729701
FRotX4 = 0.000000
FRotY4 = 0.000000
FRotZ4 = 0.000000
FModel5 = 19173
FModel6 = 15038
FPosX5 = -564.921997
FPosY5 = 2838.479248
FPosZ5 = 57.808933
FRotX5 = 1.200000
FRotY5 = -0.100000
FRotZ5 = 89.399986
FPosX6 = -564.457580
FPosY6 = 2839.957519
FPosZ6 = 56.359706
FRotX6 = 0.000000
FRotY6 = 0.000000
FRotZ6 = 0.000000
FModel7 = 1745
FModel8 = 2025
FModel9 = 2312
FPosX7 = -556.222900
FPosY7 = 2827.527343
FPosZ7 = 55.672988
FRotX7 = 0.000000
FRotY7 = 0.000000
FRotZ7 = 0.000000
FPosX8 = -558.742187
FPosY8 = 2823.404296
FPosZ8 = 55.723808
FRotX8 = 0.000000
FRotY8 = -0.499999
FRotZ8 = 89.299942
FPosX9 = -554.960021
FPosY9 = 2823.520507
FPosZ9 = 56.912937
FRotX9 = 0.000000
FRotY9 = 0.000000
FRotZ9 = -178.199966
FModel10 = 2115
FModel11 = 2167
FPosX11 = -559.742797
FPosY11 = 2838.453857
FPosZ11 = 57.369697
FRotX11 = 0.000000
FRotY11 = 0.000000
FRotZ11 = -91.699989
FPosX10 = -555.393371
FPosY10 = 2823.498779
FPosZ10 = 55.782989
FRotX10 = 0.000000
FRotY10 = 0.000000
FRotZ10 = 0.000000
FModel12 = 2617
FModel13 = 1719
FModel14 = 2705
FPosX12 = -556.424621
FPosY12 = 2825.268066
FPosZ12 = 56.312950
FRotX12 = 0.000000
FRotY12 = 0.000000
FRotZ12 = 0.000000
FPosX13 = -554.941589
FPosY13 = 2825.994628
FPosZ13 = 56.392951
FRotX13 = 0.000000
FRotY13 = 0.000000
FRotZ13 = 177.699951
FPosX14 = -558.696960
FPosY14 = 2827.394042
FPosZ14 = 58.362960
FRotX14 = 0.000000
FRotY14 = 0.000000
FRotZ14 = -91.599998
FModel15 = 1809
FPosX15 = -554.242736
FPosY15 = 2823.668212
FPosZ15 = 56.612957
FRotX15 = 0.000000
FRotY15 = 0.000000
FRotZ15 = -179.599990
FModel16 = 1502
FPosX16 = -559.207336
FPosY16 = 2826.653808
FPosZ16 = 55.779727
FRotX16 = 0.000000
FRotY16 = 0.000000
FRotZ16 = -91.499992
FModel17 = 2135
FPosX17 = -569.370300
FPosY17 = 2837.721191
FPosZ17 = 55.739704
FRotX17 = 0.000000
FRotY17 = 0.000000
FRotZ17 = -0.599999
