[HouseData]
Venta = 0
Nivel = 7
Interior = 0
CInterior = 0
CExterior = 0
Owner = Nobody
ExteriorX = 251.418731
ExteriorY = -1220.226562
ExteriorZ = 76.102371
ExteriorR = 0.000000
ExteriorA = 30.615533
InteriorX = 1531.176269
InteriorY = -999.462280
InteriorZ = -68.302604
InteriorR = 0.000000
InteriorA = 358.395019
Seguro = 1
Renta = 1
RentaPrecio = 100
Precio = 3500000
SafeMoney = 0
Pot = 0
Crack = 0
Materials = 0
Wep1 = 0
Wep2 = 0
Wep3 = 0
Wep4 = 0
Wep5 = 0
