[HouseData]
Venta = 0
Nivel = 5
Interior = 1
CInterior = 0
CExterior = 0
Owner = Nobody
ExteriorX = 2067.721679
ExteriorY = -1628.764404
ExteriorZ = 14.206624
ExteriorR = 0.000000
ExteriorA = 254.621047
InteriorX = -585.630981
InteriorY = 2824.638671
InteriorZ = 52.607810
InteriorR = 0.000000
InteriorA = 3.431936
Seguro = 1
Renta = 0
RentaPrecio = 0
Precio = 48000
SafeMoney = 0
Pot = 0
Crack = 0
Materials = 0
Wep1 = 0
Wep2 = 0
Wep3 = 0
Wep4 = 0
Wep5 = 0
FCount = 19
FModel0 = 2299
FModel1 = 2025
FModel2 = 2705
FModel3 = 2229
FModel4 = 2519
FModel5 = 2229
FModel6 = 1752
FModel7 = 2115
FPosX0 = -578.551696
FPosY0 = 2825.965576
FPosZ0 = 51.597782
FRotX0 = 0.000000
FRotY0 = 0.000000
FRotZ0 = 0.000000
FPosX1 = -580.506286
FPosY1 = 2823.838134
FPosZ1 = 51.557689
FRotX1 = 0.000000
FRotY1 = -0.200000
FRotZ1 = 86.999931
FPosX2 = -579.999206
FPosY2 = 2824.323974
FPosZ2 = 53.674983
FRotX2 = -0.999999
FRotY2 = -1.799999
FRotZ2 = 88.599929
FPosX3 = -579.021484
FPosY3 = 2823.359863
FPosZ3 = 52.407783
FRotX3 = 0.000000
FRotY3 = 0.000000
FRotZ3 = 180.000000
FPosX4 = -591.932800
FPosY4 = 2826.272460
FPosZ4 = 51.600040
FRotX4 = 0.000000
FRotY4 = 0.000000
FRotZ4 = 90.199951
FPosX5 = -577.407165
FPosY5 = 2823.338378
FPosZ5 = 52.417823
FRotX5 = 0.000000
FRotY5 = 0.000000
FRotZ5 = -178.899932
FPosX6 = -577.973571
FPosY6 = 2823.411132
FPosZ6 = 52.407806
FRotX6 = 0.000000
FRotY6 = 0.000000
FRotZ6 = -179.799926
FPosX7 = -578.422363
FPosY7 = 2823.833984
FPosZ7 = 51.607776
FRotX7 = 0.000000
FRotY7 = 0.000000
FRotZ7 = 0.000000
FModel8 = 2029
FModel9 = 18646
FModel10 = 2872
FModel11 = 2226
FPosX8 = -587.287597
FPosY8 = 2828.504150
FPosZ8 = 51.600032
FRotX8 = 0.000000
FRotY8 = 0.000000
FRotZ8 = 89.599998
FPosX9 = -580.105651
FPosY9 = 2825.156738
FPosZ9 = 54.189956
FRotX9 = 0.000000
FRotY9 = 0.000000
FRotZ9 = 0.000000
FPosX10 = -582.242126
FPosY10 = 2831.050292
FPosZ10 = 51.597854
FRotX10 = 0.000000
FRotY10 = 0.000000
FRotZ10 = 0.000000
FPosX11 = -577.902099
FPosY11 = 2823.721923
FPosZ11 = 53.077785
FRotX11 = 0.000000
FRotY11 = 0.000000
FRotZ11 = 179.299957
FModel12 = 2013
FModel13 = 2013
FModel14 = 2079
FModel15 = 2079
FModel16 = 2528
FModel17 = 1502
FModel18 = 1502
FPosX12 = -586.808044
FPosY12 = 2829.047851
FPosZ12 = 52.607810
FRotX12 = 0.000000
FRotY12 = 0.000000
FRotZ12 = 0.000000
