[HouseData]
Venta = 0
Nivel = 3
Interior = 0
CInterior = 0
CExterior = 0
Owner = Nobody
ExteriorX = 2150.916259
ExteriorY = -1419.082885
ExteriorZ = 25.921875
ExteriorR = 0.000000
ExteriorA = 270.855712
InteriorX = -586.050964
InteriorY = 2824.655029
InteriorZ = 52.607810
InteriorR = 0.000000
InteriorA = 343.644866
Seguro = 1
Renta = 0
RentaPrecio = 0
Precio = 25000
SafeMoney = 0
Pot = 0
Crack = 0
Materials = 0
Wep1 = 0
Wep2 = 0
Wep3 = 0
Wep4 = 0
Wep5 = 0
