[HouseData]
Venta = 0
Nivel = 5
Interior = 0
CInterior = 0
CExterior = 0
Owner = Nobody
ExteriorX = 1468.623291
ExteriorY = -906.177001
ExteriorZ = 54.835937
ExteriorR = 0.000000
ExteriorA = 184.472869
InteriorX = 107.457473
InteriorY = 2791.285400
InteriorZ = 53.139060
InteriorR = 0.000000
InteriorA = 108.184226
Seguro = 1
Renta = 0
RentaPrecio = 0
Precio = 125000
SafeMoney = 0
Pot = 0
Crack = 0
Materials = 0
Wep1 = 0
Wep2 = 0
Wep3 = 0
Wep4 = 0
Wep5 = 0
FCount = 13
FModel0 = 2090
FModel1 = 2090
FModel2 = 2090
FModel3 = 0
FModel4 = 2844
FModel5 = 2845
FModel6 = 1502
FModel7 = 0
FModel8 = 0
FModel9 = 0
FModel10 = 0
FModel11 = 1985
FModel12 = 2701
FModel13 = 1782
FModel14 = 2103
FModel15 = 2528
FModel16 = 2524
FModel17 = 2517
FPosX14 = 99.323791
FPosY14 = 2795.466552
FPosZ14 = 53.620018
FRotX14 = 0.000000
FRotY14 = 0.000000
FRotZ14 = -44.800003
FPosX15 = 88.511245
FPosY15 = 2783.306396
FPosZ15 = 53.610000
FRotX15 = 0.000000
FRotY15 = 0.000000
FRotZ15 = 90.199996
FPosX0 = 96.752250
FPosY0 = 2778.032470
FPosZ0 = 53.560001
FRotX0 = 0.000000
FRotY0 = 0.000000
FRotZ0 = -88.199989
FPosX1 = 96.658775
FPosY1 = 2779.925048
FPosZ1 = 53.568996
FRotX1 = 0.000000
FRotY1 = 1.099999
FRotZ1 = -86.800003
FPosX3 = 0.000000
FPosY3 = 0.000000
FPosZ3 = 0.000000
FRotX3 = 0.000000
FRotY3 = 0.000000
FRotZ3 = 0.000000
FPosX2 = 96.071647
FPosY2 = 2779.910156
FPosZ2 = 53.500007
FRotX2 = 0.000000
FRotY2 = 0.000000
FRotZ2 = -179.600006
FPosX4 = 94.405593
FPosY4 = 2781.577148
FPosZ4 = 53.580009
FRotX4 = 0.000000
FRotY4 = 0.000000
FRotZ4 = 0.000000
FPosX5 = 97.933212
FPosY5 = 2781.429199
FPosZ5 = 53.580005
FRotX5 = 0.000000
FRotY5 = 0.000000
FRotZ5 = 0.000000
FPosX6 = 97.705848
FPosY6 = 2782.613769
FPosZ6 = 53.609985
FRotX6 = 0.000000
FRotY6 = 0.000000
FRotZ6 = 0.000000
FPosX7 = 0.000000
FPosY7 = 0.000000
FPosZ7 = 0.000000
FRotX7 = 0.000000
FRotY7 = 0.000000
FRotZ7 = 0.000000
FPosX8 = 0.000000
FPosY8 = 0.000000
FPosZ8 = 0.000000
FRotX8 = 0.000000
FRotY8 = 0.000000
FRotZ8 = 0.000000
FPosX9 = 0.000000
FPosY9 = 0.000000
FPosZ9 = 0.000000
FRotX9 = 0.000000
FRotY9 = 0.000000
FRotZ9 = 0.000000
FPosX10 = 0.000000
FPosY10 = 0.000000
FPosZ10 = 0.000000
FRotX10 = 0.000000
FRotY10 = 0.000000
FRotZ10 = 0.000000
FPosX11 = 92.010459
FPosY11 = 2788.304443
FPosZ11 = 56.888393
FRotX11 = 0.000000
FRotY11 = 0.000000
FRotZ11 = 0.000000
FPosX13 = 100.372146
FPosY13 = 2791.049316
FPosZ13 = 56.530002
FRotX13 = 0.000000
FRotY13 = 0.000000
FRotZ13 = -100.199989
FPosX12 = 99.918838
FPosY12 = 2787.545898
FPosZ12 = 53.829998
FRotX12 = 0.000000
FRotY12 = 0.000000
FRotZ12 = 0.000000
FPosX16 = 88.594490
FPosY16 = 2785.768798
FPosZ16 = 53.590003
FRotX16 = 0.000000
FRotY16 = 0.000000
FRotZ16 = 88.599998
FPosX17 = 91.498748
FPosY17 = 2786.168701
FPosZ17 = 53.620018
FRotX17 = 0.000000
FRotY17 = 0.000000
FRotZ17 = -88.000007
