[HouseData]
Venta = 0
Nivel = 7
Interior = 0
CInterior = 0
CExterior = 0
Owner = Nobody
ExteriorX = 691.144042
ExteriorY = -1275.947265
ExteriorZ = 13.560420
ExteriorR = 0.000000
ExteriorA = 83.627075
InteriorX = 107.154319
InteriorY = 2790.925781
InteriorZ = 53.139060
InteriorR = 0.000000
InteriorA = 73.427261
Seguro = 1
Renta = 0
RentaPrecio = 1
Precio = 300000
SafeMoney = 0
Pot = 0
Crack = 0
Materials = 0
Wep1 = 0
Wep2 = 0
Wep3 = 0
Wep4 = 0
Wep5 = 0
FCount = 16
FModel0 = 2517
FModel1 = 2522
FModel2 = 2514
FModel3 = 2136
FModel4 = 1725
FModel5 = 1745
FModel6 = 2572
FModel7 = 2357
FModel8 = 19356
FModel9 = 2013
FModel10 = 1518
FModel11 = 1825
FModel12 = 2595
FModel13 = 2025
FPosX0 = 0.000000
FPosY0 = 0.000000
FPosZ0 = 0.000000
FRotX0 = 0.000000
FRotY0 = 0.000000
FRotZ0 = 0.000000
FPosX1 = 0.000000
FPosY1 = 0.000000
FPosZ1 = 0.000000
FRotX1 = 0.000000
FRotY1 = 0.000000
FRotZ1 = 0.000000
FPosX2 = 88.680519
FPosY2 = 2785.979736
FPosZ2 = 53.669994
FRotX2 = 0.000000
FRotY2 = 0.000000
FRotZ2 = 0.000000
FPosX3 = 86.740539
FPosY3 = 2794.599609
FPosZ3 = 53.680034
FRotX3 = 0.000000
FRotY3 = 0.000000
FRotZ3 = 0.000000
FPosX4 = 98.040580
FPosY4 = 2781.012207
FPosZ4 = 53.460369
FRotX4 = -0.399999
FRotY4 = -0.099999
FRotZ4 = 90.700065
FPosX5 = 98.049354
FPosY5 = 2777.585205
FPosZ5 = 53.605976
FRotX5 = -0.199998
FRotY5 = -0.699999
FRotZ5 = 92.299987
FPosX6 = 94.851821
FPosY6 = 2794.845947
FPosZ6 = 53.599525
FRotX6 = 0.200000
FRotY6 = 1.600002
FRotZ6 = 1.200020
FPosX7 = 95.760498
FPosY7 = 2791.960449
FPosZ7 = 54.010002
FRotX7 = 0.000000
FRotY7 = 0.000000
FRotZ7 = 0.000000
FPosX8 = 90.530456
FPosY8 = 2791.007324
FPosZ8 = 54.599998
FRotX8 = 0.000000
FRotY8 = 0.000000
FRotZ8 = 0.000000
FPosX9 = 89.754852
FPosY9 = 2791.439697
FPosZ9 = 53.442039
FRotX9 = 0.999999
FRotY9 = -0.199999
FRotZ9 = -89.400054
FPosX10 = 99.989891
FPosY10 = 2780.055419
FPosZ10 = 56.264968
FRotX10 = -1.899999
FRotY10 = 0.099999
FRotZ10 = -89.000007
FPosX11 = 92.050544
FPosY11 = 2788.808349
FPosZ11 = 53.610012
FRotX11 = 0.000000
FRotY11 = 0.000000
FRotZ11 = 0.000000
FPosX12 = 84.486419
FPosY12 = 2794.657714
FPosZ12 = 57.099983
FRotX12 = 0.000000
FRotY12 = 0.000000
FRotZ12 = 0.000000
FPosX13 = 99.716407
FPosY13 = 2776.930419
FPosZ13 = 53.627048
FRotX13 = -1.099999
FRotY13 = -0.299999
FRotZ13 = 179.599945
FModel14 = 2822
FModel15 = 2523
