[HouseData]
Venta = 0
Nivel = 5
Interior = 10
CInterior = 0
CExterior = 0
Owner = Nobody
ExteriorX = 743.196472
ExteriorY = -509.319793
ExteriorZ = 18.012922
ExteriorR = 0.000000
ExteriorA = 0.520769
InteriorX = 2270.417724
InteriorY = -1210.397949
InteriorZ = 1047.562500
InteriorR = 0.000000
InteriorA = 269.962402
Seguro = 1
Renta = 0
RentaPrecio = 0
Precio = 100000
SafeMoney = 0
Pot = 0
Crack = 0
Materials = 0
Wep1 = 0
Wep2 = 0
Wep3 = 0
Wep4 = 0
Wep5 = 0
FCount = 1
FModel0 = 1450
FPosX0 = 2257.096435
FPosY0 = -1213.709716
FPosZ0 = 1048.649780
FRotX0 = 0.000000
FRotY0 = 0.000000
FRotZ0 = 0.000000
