[HouseData]
Venta = 0
Nivel = 3
Interior = 0
CInterior = 0
CExterior = 0
Owner = Nobody
ExteriorX = 1967.424438
ExteriorY = -1633.710815
ExteriorZ = 15.968750
ExteriorR = 0.000000
ExteriorA = 2.402487
InteriorX = -590.792175
InteriorY = 2826.416503
InteriorZ = 58.506004
InteriorR = 0.000000
InteriorA = 263.744171
Seguro = 1
Renta = 0
RentaPrecio = 0
Precio = 25000
SafeMoney = 0
Pot = 0
Crack = 0
Materials = 0
Wep1 = 0
Wep2 = 0
Wep3 = 0
Wep4 = 0
Wep5 = 0
FCount = 1
FModel0 = 19366
FModel1 = 0
FPosX0 = -589.611572
FPosY0 = 2823.335449
FPosZ0 = 59.078887
FRotX0 = 89.199966
FRotY0 = 93.700012
FRotZ0 = 0.000000
FPosX1 = 0.000000
FPosY1 = 0.000000
FPosZ1 = 0.000000
FRotX1 = 0.000000
FRotY1 = 0.000000
FRotZ1 = 0.000000
