[HouseData]
Venta = 0
Nivel = 3
Interior = 0
CInterior = 0
CExterior = 0
Owner = Nobody
ExteriorX = 1976.213623
ExteriorY = -1634.098022
ExteriorZ = 16.211059
ExteriorR = 0.000000
ExteriorA = 274.355041
InteriorX = -590.792175
InteriorY = 2826.416503
InteriorZ = 58.506004
InteriorR = 0.000000
InteriorA = 263.744171
Seguro = 1
Renta = 0
RentaPrecio = 0
Precio = 25000
SafeMoney = 0
Pot = 0
Crack = 0
Materials = 0
Wep1 = 0
Wep2 = 0
Wep3 = 0
Wep4 = 0
Wep5 = 0
FCount = 2
FModel0 = 1803
FModel1 = 2596
FPosX0 = -588.160217
FPosY0 = 2828.940673
FPosZ0 = 57.496036
FRotX0 = 0.000000
FRotY0 = 0.000000
FRotZ0 = 0.000000
FPosX1 = -587.638183
FPosY1 = 2823.572998
FPosZ1 = 60.193466
FRotX1 = -1.300004
FRotY1 = -0.399995
FRotZ1 = 177.899932
