[HouseData]
Venta = 0
Nivel = 10
Interior = 0
CInterior = 0
CExterior = 0
Owner = Nobody
ExteriorX = 168.287033
ExteriorY = -1768.408081
ExteriorZ = 4.486937
ExteriorR = 0.000000
ExteriorA = 358.431274
InteriorX = -561.464721
InteriorY = 2823.065917
InteriorZ = 56.729686
InteriorR = 0.000000
InteriorA = 8.084877
Seguro = 1
Renta = 0
RentaPrecio = 0
Precio = 1200000
SafeMoney = 0
Pot = 0
Crack = 0
Materials = 0
Wep1 = 0
Wep2 = 0
Wep3 = 0
Wep4 = 0
Wep5 = 0
