[HouseData]
Venta = 0
Nivel = 3
Interior = 0
CInterior = 0
CExterior = 0
Owner = Nobody
ExteriorX = 2092.239746
ExteriorY = -1166.457397
ExteriorZ = 26.585937
ExteriorR = 0.000000
ExteriorA = 268.072845
InteriorX = -407.713165
InteriorY = 2793.724121
InteriorZ = 69.849998
InteriorR = 0.000000
InteriorA = 108.329147
Seguro = 1
Renta = 1
RentaPrecio = 500
Precio = 1
SafeMoney = 0
Pot = 0
Crack = 0
Materials = 0
Wep1 = 0
Wep2 = 0
Wep3 = 0
Wep4 = 0
Wep5 = 0
FCount = 9
FModel0 = 2357
FPosX0 = -411.038543
FPosY0 = 2797.996093
FPosZ0 = 68.959968
FRotX0 = 0.000000
FRotY0 = 0.000000
FRotZ0 = 0.000000
FModel1 = 1709
FPosX1 = -413.453186
FPosY1 = 2798.745849
FPosZ1 = 68.800033
FRotX1 = 0.000000
FRotY1 = 0.000000
FRotZ1 = 0.000000
FModel2 = 1786
FPosX2 = -410.877746
FPosY2 = 2797.385009
FPosZ2 = 69.328994
FRotX2 = -4.499999
FRotY2 = -0.699999
FRotZ2 = -179.600006
FModel3 = 1790
FModel4 = 2090
FPosX4 = -416.508911
FPosY4 = 2794.124755
FPosZ4 = 68.801116
FRotX4 = 0.799999
FRotY4 = 0.299999
FRotZ4 = -178.999877
FModel5 = 1786
FModel6 = 2528
FModel7 = 2528
FPosX5 = -416.851715
FPosY5 = 2795.422851
FPosZ5 = 70.615821
FRotX5 = 0.000000
FRotY5 = 0.000000
FRotZ5 = 0.000000
FPosX6 = -415.011993
FPosY6 = 2799.777832
FPosZ6 = 68.850021
FRotX6 = 0.000000
FRotY6 = 0.000000
FRotZ6 = 0.000000
FModel8 = 2518
