[HouseData]
Venta = 0
Nivel = 3
Interior = 0
CInterior = 0
CExterior = 0
Owner = Nobody
ExteriorX = 973.097473
ExteriorY = -1826.928100
ExteriorZ = 13.333078
ExteriorR = 0.000000
ExteriorA = 159.527267
InteriorX = -441.553924
InteriorY = 2772.356445
InteriorZ = 70.429687
InteriorR = 0.000000
InteriorA = 102.158287
Seguro = 1
Renta = 0
RentaPrecio = 0
Precio = 75000
SafeMoney = 0
Pot = 0
Crack = 0
Materials = 0
Wep1 = 0
Wep2 = 0
Wep3 = 0
Wep4 = 0
Wep5 = 0
