[HouseData]
Venta = 0
Nivel = 2
Interior = 0
CInterior = 0
CExterior = 0
Owner = Nobody
ExteriorX = 795.222717
ExteriorY = -506.151275
ExteriorZ = 18.012922
ExteriorR = 0.000000
ExteriorA = 4.083600
InteriorX = -407.766021
InteriorY = 2793.324707
InteriorZ = 69.849998
InteriorR = 0.000000
InteriorA = 77.332244
Seguro = 1
Renta = 0
RentaPrecio = 0
Precio = 100000
SafeMoney = 0
Pot = 0
Crack = 0
Materials = 0
Wep1 = 0
Wep2 = 0
Wep3 = 0
Wep4 = 0
Wep5 = 0
FCount = 0
FModel0 = 0
FModel1 = 0
FPosX0 = 0.000000
FPosY0 = 0.000000
FPosZ0 = 0.000000
FRotX0 = 0.000000
FRotY0 = 0.000000
FRotZ0 = 0.000000
FPosX1 = 0.000000
FPosY1 = 0.000000
FPosZ1 = 0.000000
FRotX1 = 0.000000
FRotY1 = 0.000000
FRotZ1 = 0.000000
