[HouseData]
Venta = 0
Nivel = 3
Interior = 0
CInterior = 0
CExterior = 0
Owner = Nobody
ExteriorX = 2162.667968
ExteriorY = -1815.226318
ExteriorZ = 13.546875
ExteriorR = 0.000000
ExteriorA = 179.944046
InteriorX = -501.825164
InteriorY = 2811.056396
InteriorZ = 69.300003
InteriorR = 0.000000
InteriorA = 271.310852
Seguro = 1
Renta = 0
RentaPrecio = 0
Precio = 25000
SafeMoney = 0
Pot = 0
Crack = 0
Materials = 0
Wep1 = 0
Wep2 = 0
Wep3 = 0
Wep4 = 0
Wep5 = 0
FCount = 14
FModel0 = 19354
FModel1 = 19354
FModel2 = 630
FModel3 = 2528
FModel4 = 2595
FPosX0 = -500.561065
FPosY0 = 2815.460693
FPosZ0 = 69.300003
FRotX0 = 0.000000
FRotY0 = 0.000000
FRotZ0 = 0.000000
FPosX1 = -497.245635
FPosY1 = 2815.695068
FPosZ1 = 69.300003
FRotX1 = 0.000000
FRotY1 = 0.000000
FRotZ1 = 0.000000
FPosX2 = -501.958160
FPosY2 = 2808.581298
FPosZ2 = 69.300003
FRotX2 = 0.000000
FRotY2 = 0.000000
FRotZ2 = 0.000000
FPosX3 = -499.545562
FPosY3 = 2814.739257
FPosZ3 = 68.290077
FRotX3 = 0.000000
FRotY3 = 0.000000
FRotZ3 = 1.500002
FPosX4 = -502.068817
FPosY4 = 2809.097656
FPosZ4 = 70.889968
FRotX4 = 0.000000
FRotY4 = 0.000000
FRotZ4 = 21.700008
FModel5 = 2299
FModel6 = 19354
FModel7 = 2229
FModel8 = 2281
FPosX5 = -498.723693
FPosY5 = 2811.945312
FPosZ5 = 68.210098
FRotX5 = 0.000000
FRotY5 = 0.000000
FRotZ5 = 177.899963
FPosX6 = -498.896820
FPosY6 = 2814.054687
FPosZ6 = 68.022216
FRotX6 = 89.800117
FRotY6 = 12.600030
FRotZ6 = 81.499961
FPosX7 = -502.331542
FPosY7 = 2812.915283
FPosZ7 = 68.337318
FRotX7 = 0.000000
FRotY7 = 0.000000
FRotZ7 = 96.800010
FPosX8 = -494.786437
FPosY8 = 2811.344482
FPosZ8 = 71.072563
FRotX8 = 1.700000
FRotY8 = 0.000000
FRotZ8 = -93.200004
FModel9 = 14720
FModel10 = 19388
FModel11 = 2523
FPosX9 = -496.058166
FPosY9 = 2808.768554
FPosZ9 = 68.292381
FRotX9 = -1.099994
FRotY9 = 0.000000
FRotZ9 = 85.899963
FPosX10 = -502.247070
FPosY10 = 2811.305175
FPosZ10 = 69.960060
FRotX10 = 0.000000
FRotY10 = 0.000000
FRotZ10 = 0.000000
FPosX11 = -499.185607
FPosY11 = 2814.840087
FPosZ11 = 68.287223
FRotX11 = -0.200001
FRotY11 = -0.699996
FRotZ11 = -1.200035
FModel12 = 2527
FModel13 = 1825
FPosX12 = -497.886718
FPosY12 = 2813.956054
FPosZ12 = 68.280067
FRotX12 = 0.000000
FRotY12 = 0.000000
FRotZ12 = 1.599957
FPosX13 = -497.007385
FPosY13 = 2811.354492
FPosZ13 = 68.290000
FRotX13 = 0.000000
FRotY13 = 0.000000
FRotZ13 = 0.000000
