[HouseData]
Venta = 0
Nivel = 3
Interior = 0
CInterior = 0
CExterior = 0
Owner = Nobody
ExteriorX = 2176.376953
ExteriorY = -1815.216308
ExteriorZ = 13.546875
ExteriorR = 0.000000
ExteriorA = 179.944046
InteriorX = -501.825164
InteriorY = 2811.056396
InteriorZ = 69.300003
InteriorR = 0.000000
InteriorA = 271.310852
Seguro = 1
Renta = 0
RentaPrecio = 1
Precio = 25000
SafeMoney = 0
Pot = 0
Crack = 0
Materials = 0
Wep1 = 0
Wep2 = 0
Wep3 = 0
Wep4 = 0
Wep5 = 0
