[HouseData]
Venta = 0
Nivel = 6
Interior = 0
CInterior = 0
CExterior = 0
Owner = Nobody
ExteriorX = 1442.721801
ExteriorY = -628.843139
ExteriorZ = 95.718566
ExteriorR = 0.000000
ExteriorA = 1.515426
InteriorX = 1531.176269
InteriorY = -999.462280
InteriorZ = -68.302604
InteriorR = 0.000000
InteriorA = 6.686683
Seguro = 1
Renta = 0
RentaPrecio = 0
Precio = 450000
SafeMoney = 0
Pot = 0
Crack = 0
Materials = 0
Wep1 = 0
Wep2 = 0
Wep3 = 0
Wep4 = 0
Wep5 = 0
FCount = 9
FModel0 = 1737
FModel1 = 2517
FModel2 = 2515
FModel3 = 2514
FModel4 = 2298
FModel5 = 2300
FModel6 = 2299
FModel7 = 1795
FModel8 = 2120
