[HouseData]
Venta = 0
Nivel = 5
Interior = 0
CInterior = 0
CExterior = 0
Owner = Nobody
ExteriorX = 766.578857
ExteriorY = -556.784057
ExteriorZ = 18.012924
ExteriorR = 0.000000
ExteriorA = 181.027374
InteriorX = -407.766021
InteriorY = 2793.324707
InteriorZ = 69.849998
InteriorR = 0.000000
InteriorA = 77.332244
Seguro = 1
Renta = 0
RentaPrecio = 0
Precio = 100000
SafeMoney = 0
Pot = 0
Crack = 0
Materials = 0
Wep1 = 0
Wep2 = 0
Wep3 = 0
Wep4 = 0
Wep5 = 0
