[HouseData]
Venta = 0
Nivel = 3
Interior = 0
CInterior = 0
CExterior = 0
Owner = Nobody
ExteriorX = 1958.687500
ExteriorY = -1560.339965
ExteriorZ = 13.594305
ExteriorR = 0.000000
ExteriorA = 47.836288
InteriorX = -586.015625
InteriorY = 2824.640869
InteriorZ = 52.607810
InteriorR = 0.000000
InteriorA = 358.371765
Seguro = 1
Renta = 0
RentaPrecio = 0
Precio = 40000
SafeMoney = 0
Pot = 0
Crack = 0
Materials = 0
Wep1 = 0
Wep2 = 0
Wep3 = 0
Wep4 = 0
Wep5 = 0
