[HouseData]
Venta = 0
Nivel = 3
Interior = 0
CInterior = 0
CExterior = 0
Owner = Nobody
ExteriorX = 761.184143
ExteriorY = -1564.110961
ExteriorZ = 13.928892
ExteriorR = 0.000000
ExteriorA = 268.690032
InteriorX = 107.485420
InteriorY = 2791.156250
InteriorZ = 53.139060
InteriorR = 0.000000
InteriorA = 91.287475
Seguro = 1
Renta = 0
RentaPrecio = 0
Precio = 85000
SafeMoney = 0
Pot = 0
Crack = 0
Materials = 0
Wep1 = 0
Wep2 = 0
Wep3 = 0
Wep4 = 0
Wep5 = 0
