[HouseData]
Venta = 0
Nivel = 5
Interior = 0
CInterior = 0
CExterior = 0
Owner = Nobody
ExteriorX = 1535.033569
ExteriorY = -800.211059
ExteriorZ = 72.849456
ExteriorR = 0.000000
ExteriorA = 271.064208
InteriorX = -441.284027
InteriorY = 2772.060058
InteriorZ = 70.429687
InteriorR = 0.000000
InteriorA = 2.444964
Seguro = 1
Renta = 0
RentaPrecio = 1
Precio = 100000
SafeMoney = 0
Pot = 0
Crack = 0
Materials = 0
Wep1 = 0
Wep2 = 0
Wep3 = 0
Wep4 = 0
Wep5 = 0
FCount = 24
FModel0 = 1799
FModel1 = 2135
FModel2 = 2290
FModel3 = 2229
FModel4 = 2229
FModel5 = 1809
FModel6 = 1985
FModel7 = 1491
FModel8 = 1491
FModel9 = 2015
FModel10 = 2013
FModel11 = 2016
FModel12 = 2817
FModel13 = 2595
FModel14 = 2316
FModel15 = 2111
FModel16 = 2788
FModel17 = 2788
FModel18 = 2118
FModel19 = 2528
FModel20 = 2526
FModel21 = 2524
FPosX0 = -445.302764
FPosY0 = 2788.499267
FPosZ0 = 69.519699
FRotX0 = 0.000000
FRotY0 = 0.000000
FRotZ0 = 0.000000
FPosX1 = -441.319519
FPosY1 = 2784.296142
FPosZ1 = 69.449699
FRotX1 = 0.000000
FRotY1 = 0.000000
FRotZ1 = 0.000000
FPosX2 = -437.051696
FPosY2 = 2773.916015
FPosZ2 = 69.419708
FRotX2 = 0.000000
FRotY2 = 0.000000
FRotZ2 = -132.700042
FPosX3 = -436.198577
FPosY3 = 2778.573242
FPosZ3 = 69.429695
FRotX3 = 0.000000
FRotY3 = 0.000000
FRotZ3 = -48.700000
FPosX4 = -439.107452
FPosY4 = 2778.982177
FPosZ4 = 69.399703
FRotX4 = 0.000000
FRotY4 = 0.000000
FRotZ4 = 33.100009
FPosX5 = -437.588836
FPosY5 = 2778.571533
FPosZ5 = 70.209678
FRotX5 = 0.000000
FRotY5 = 0.000000
FRotZ5 = 0.000000
FPosX6 = -439.815246
FPosY6 = 2776.430664
FPosZ6 = 72.479667
FRotX6 = 0.000000
FRotY6 = 0.000000
FRotZ6 = 0.000000
FPosX7 = -445.917510
FPosY7 = 2785.739746
FPosZ7 = 69.459686
FRotX7 = 0.000000
FRotY7 = 0.000000
FRotZ7 = -0.100009
FPosX8 = -446.364532
FPosY8 = 2781.798583
FPosZ8 = 69.429679
FRotX8 = 0.000000
FRotY8 = 0.000000
FRotZ8 = 90.800018
FPosX9 = -437.394226
FPosY9 = 2784.583007
FPosZ9 = 69.509704
FRotX9 = 0.000000
FRotY9 = 0.000000
FRotZ9 = 0.000000
FPosX10 = -439.380462
FPosY10 = 2784.547607
FPosZ10 = 69.509674
FRotX10 = 0.000000
FRotY10 = 0.000000
FRotZ10 = 0.000000
FPosX11 = -440.319854
FPosY11 = 2784.574951
FPosZ11 = 69.499702
FRotX11 = 0.000000
FRotY11 = 0.000000
FRotZ11 = 0.000000
FPosX12 = -438.460021
FPosY12 = 2773.101806
FPosZ12 = 69.449676
FRotX12 = 0.000000
FRotY12 = 0.000000
FRotZ12 = 47.900001
FPosX13 = -438.391784
FPosY13 = 2778.588623
FPosZ13 = 70.579681
FRotX13 = 0.000000
FRotY13 = 0.000000
FRotZ13 = -67.699981
FPosX14 = -446.997619
FPosY14 = 2785.711181
FPosZ14 = 71.399703
FRotX14 = 0.000000
FRotY14 = 0.000000
FRotZ14 = -179.900009
FPosX15 = -438.563598
FPosY15 = 2780.558837
FPosZ15 = 69.809677
FRotX15 = 0.000000
FRotY15 = 0.000000
FRotZ15 = 0.000000
FPosX16 = -437.197540
FPosY16 = 2780.601806
FPosZ16 = 69.919700
FRotX16 = 0.000000
FRotY16 = 0.000000
FRotZ16 = 0.000000
FPosX17 = -439.863922
FPosY17 = 2780.652343
FPosZ17 = 69.949684
FRotX17 = 0.000000
FRotY17 = 0.000000
FRotZ17 = 177.900024
FPosX18 = -438.477813
FPosY18 = 2778.481445
FPosZ18 = 69.429695
FRotX18 = 0.000000
FRotY18 = 0.000000
FRotZ18 = 0.000000
FPosX19 = -448.212036
FPosY19 = 2784.104003
FPosZ19 = 69.419700
FRotX19 = 0.000000
FRotY19 = 0.000000
FRotZ19 = 0.000000
FPosX20 = -449.952056
FPosY20 = 2782.003906
FPosZ20 = 69.459716
FRotX20 = 0.000000
FRotY20 = 0.000000
FRotZ20 = 89.199996
FPosX21 = -447.987670
FPosY21 = 2781.988281
FPosZ21 = 69.419677
FRotX21 = 0.000000
FRotY21 = 0.000000
FRotZ21 = -179.399917
FModel22 = 0
