[HouseData]
Venta = 0
Nivel = 1
Interior = 1
CInterior = 0
CExterior = 0
Owner = Nobody
ExteriorX = 2066.632812
ExteriorY = -1717.050659
ExteriorZ = 13.805846
ExteriorR = 0.000000
ExteriorA = 95.665679
InteriorX = -585.580627
InteriorY = 2824.688232
InteriorZ = 52.607810
InteriorR = 0.000000
InteriorA = 0.924925
Seguro = 1
Renta = 0
RentaPrecio = 0
Precio = 48000
SafeMoney = 0
Pot = 0
Crack = 0
Materials = 0
Wep1 = 0
Wep2 = 0
Wep3 = 0
Wep4 = 0
Wep5 = 0
FCount = 18
FModel0 = 2115
FModel1 = 1737
FModel2 = 2525
FModel3 = 2526
FModel4 = 2115
FModel5 = 1709
FModel6 = 0
FModel7 = 0
FModel8 = 918
FModel9 = 19317
FModel10 = 2298
FPosX0 = -583.051147
FPosY0 = 2829.615722
FPosZ0 = 52.157802
FRotX0 = 89.400054
FRotY0 = -0.399999
FRotZ0 = 0.000000
FPosX1 = -583.151794
FPosY1 = 2829.720214
FPosZ1 = 53.428081
FRotX1 = 83.300018
FRotY1 = 0.000000
FRotZ1 = 0.000000
FPosX2 = -590.512756
FPosY2 = 2827.711425
FPosZ2 = 51.578777
FRotX2 = 0.299999
FRotY2 = -1.500000
FRotZ2 = -87.999992
FPosX3 = -591.943603
FPosY3 = 2826.325439
FPosZ3 = 51.547370
FRotX3 = -0.600000
FRotY3 = 0.000001
FRotZ3 = 90.000030
FPosX4 = 0.000000
FPosY4 = 0.000000
FPosZ4 = 0.000000
FRotX4 = 0.000000
FRotY4 = 0.000000
FRotZ4 = 0.000000
FPosX5 = -586.304809
FPosY5 = 2830.605224
FPosZ5 = 52.575847
FRotX5 = 177.100006
FRotY5 = 0.000000
FRotZ5 = -0.700000
FPosX6 = 0.000000
FPosY6 = 0.000000
FPosZ6 = 0.000000
FRotX6 = 0.000000
FRotY6 = 0.000000
FRotZ6 = 0.000000
FPosX7 = 0.000000
FPosY7 = 0.000000
FPosZ7 = 0.000000
FRotX7 = 0.000000
FRotY7 = 0.000000
FRotZ7 = 0.000000
FPosX8 = -584.705139
FPosY8 = 2824.467529
FPosZ8 = 51.917816
FRotX8 = 0.000000
FRotY8 = 0.000000
FRotZ8 = 0.000000
FPosX9 = -577.121215
FPosY9 = 2823.398925
FPosZ9 = 53.974113
FRotX9 = -1.100000
FRotY9 = -17.100002
FRotZ9 = -177.400039
FPosX10 = -579.617126
FPosY10 = 2825.870117
FPosZ10 = 51.642059
FRotX10 = -0.500000
FRotY10 = 0.199999
FRotZ10 = -91.700027
FModel11 = 2115
FModel12 = 19353
FModel13 = 19353
FModel14 = 1492
FModel15 = 1492
FModel16 = 1492
FModel17 = 1492
FModel18 = 2115
FModel19 = 2167
FPosX11 = -589.022460
FPosY11 = 2827.395751
FPosZ11 = 52.042510
FRotX11 = -90.599990
FRotY11 = 123.999969
FRotZ11 = 0.000000
FPosX12 = -586.721740
FPosY12 = 2824.095458
FPosZ12 = 50.527858
FRotX12 = 0.000000
FRotY12 = 0.000000
FRotZ12 = 0.000000
FPosX13 = -585.251525
FPosY13 = 2825.593261
FPosZ13 = 50.508003
FRotX13 = -0.300000
FRotY13 = 0.000000
FRotZ13 = 89.100028
FPosX14 = -587.926757
FPosY14 = 2829.276611
FPosZ14 = 51.610012
FRotX14 = 0.000000
FRotY14 = 0.000000
FRotZ14 = 0.000000
FPosX15 = -589.840881
FPosY15 = 2826.047851
FPosZ15 = 51.637832
FRotX15 = 0.000000
FRotY15 = 0.000000
FRotZ15 = -90.699996
FPosX16 = -581.094055
FPosY16 = 2826.677490
FPosZ16 = 51.632911
FRotX16 = 0.000000
FRotY16 = -0.299999
FRotZ16 = 87.399986
FPosX17 = -587.991333
FPosY17 = 2830.025878
FPosZ17 = 51.516307
FRotX17 = 0.000000
FRotY17 = -0.399999
FRotZ17 = 89.699897
FPosX18 = -591.543640
FPosY18 = 2830.448974
FPosZ18 = 52.093837
FRotX18 = -86.899902
FRotY18 = 91.800033
FRotZ18 = 0.000000
FPosX19 = -555.752441
FPosY19 = 2836.592773
FPosZ19 = 55.712947
FRotX19 = 0.000000
FRotY19 = 0.000000
FRotZ19 = 89.399978
