[HouseData]
Venta = 0
Nivel = 3
Interior = 0
CInterior = 0
CExterior = 0
Owner = Nobody
ExteriorX = 984.688171
ExteriorY = -1829.773071
ExteriorZ = 13.330636
ExteriorR = 0.000000
ExteriorA = 134.460342
InteriorX = -441.553924
InteriorY = 2772.356445
InteriorZ = 70.429687
InteriorR = 0.000000
InteriorA = 19.510053
Seguro = 1
Renta = 0
RentaPrecio = 0
Precio = 75000
SafeMoney = 0
Pot = 0
Crack = 0
Materials = 0
Wep1 = 0
Wep2 = 0
Wep3 = 0
Wep4 = 0
Wep5 = 0
FCount = 2
FModel0 = 1841
FModel1 = 2608
FPosX0 = -438.117889
FPosY0 = 2782.074218
FPosZ0 = 70.429687
FRotX0 = 0.000000
FRotY0 = 0.000000
FRotZ0 = 0.000000
FPosX1 = -438.625000
FPosY1 = 2782.419921
FPosZ1 = 70.429687
FRotX1 = 0.000000
FRotY1 = 0.000000
FRotZ1 = 0.000000
