[HouseData]
Venta = 0
Nivel = 7
Interior = 0
CInterior = 0
CExterior = 0
Owner = Nobody
ExteriorX = 876.208190
ExteriorY = -1512.879638
ExteriorZ = 14.348709
ExteriorR = 0.000000
ExteriorA = 271.458770
InteriorX = -561.639099
InteriorY = 2823.064697
InteriorZ = 56.729686
InteriorR = 0.000000
InteriorA = 348.849822
Seguro = 1
Renta = 0
RentaPrecio = 0
Precio = 150000
SafeMoney = 0
Pot = 0
Crack = 0
Materials = 0
Wep1 = 0
Wep2 = 0
Wep3 = 0
Wep4 = 0
Wep5 = 0
FCount = 13
FModel0 = 1798
FModel1 = 2689
FModel2 = 2118
FPosX0 = -555.228027
FPosY0 = 2842.489257
FPosZ0 = 55.722946
FRotX0 = 0.000000
FRotY0 = 0.000000
FRotZ0 = 0.000000
FPosX1 = -551.524841
FPosY1 = 2846.006103
FPosZ1 = 57.222927
FRotX1 = 0.000000
FRotY1 = 0.000000
FRotZ1 = 0.000000
FPosX2 = -569.913330
FPosY2 = 2834.891601
FPosZ2 = 55.749736
FRotX2 = 0.000000
FRotY2 = 0.000000
FRotZ2 = 0.000000
FModel3 = 2136
FModel4 = 1709
FPosX3 = -569.778686
FPosY3 = 2837.843750
FPosZ3 = 55.809726
FRotX3 = 0.000000
FRotY3 = 0.000000
FRotZ3 = 0.000000
FPosX4 = -566.086242
FPosY4 = 2824.339599
FPosZ4 = 55.703826
FRotX4 = 2.999998
FRotY4 = 0.099996
FRotZ4 = -179.900146
FModel5 = 1985
FPosX5 = -550.039306
FPosY5 = 2844.020996
FPosZ5 = 59.042957
FRotX5 = 0.000000
FRotY5 = 0.000000
FRotZ5 = 0.000000
FModel6 = 2514
FPosX6 = -564.284545
FPosY6 = 2839.962158
FPosZ6 = 55.729709
FRotX6 = 0.000000
FRotY6 = 0.000000
FRotZ6 = 0.000000
FModel7 = 2524
FModel8 = 2025
FModel9 = 2079
FModel10 = 2079
FModel11 = 2079
FModel12 = 1753
FPosX7 = -564.403930
FPosY7 = 2837.788330
FPosZ7 = 55.729354
FRotX7 = -0.899999
FRotY7 = -0.599999
FRotZ7 = 92.000022
FPosX8 = -558.885986
FPosY8 = 2844.460693
FPosZ8 = 55.752964
FRotX8 = 0.000000
FRotY8 = 0.000000
FRotZ8 = 92.799995
FPosX9 = -569.403320
FPosY9 = 2835.876953
FPosZ9 = 56.389724
FRotX9 = 0.000000
FRotY9 = 0.000000
FRotZ9 = 91.899971
FPosX10 = -569.402038
FPosY10 = 2833.902587
FPosZ10 = 56.399715
FRotX10 = 0.000000
FRotY10 = 0.000000
FRotZ10 = -90.599990
FPosX11 = -570.901733
FPosY11 = 2835.011230
FPosZ11 = 56.369697
FRotX11 = 0.000000
FRotY11 = 0.000000
FRotZ11 = -178.499954
FPosX12 = -564.579223
FPosY12 = 2830.457763
FPosZ12 = 55.719734
FRotX12 = 0.000000
FRotY12 = 0.000000
FRotZ12 = -88.199951
