[HouseData]
Venta = 0
Nivel = 5
Interior = 0
CInterior = 0
CExterior = 0
Owner = Nobody
ExteriorX = 768.306579
ExteriorY = -503.485656
ExteriorZ = 18.012926
ExteriorR = 0.000000
ExteriorA = 359.605834
InteriorX = -407.766021
InteriorY = 2793.324707
InteriorZ = 69.849998
InteriorR = 0.000000
InteriorA = 77.332244
Seguro = 1
Renta = 0
RentaPrecio = 0
Precio = 100000
SafeMoney = 0
Pot = 0
Crack = 0
Materials = 0
Wep1 = 0
Wep2 = 0
Wep3 = 0
Wep4 = 0
Wep5 = 0
