[HouseData]
Venta = 0
Nivel = 3
Interior = 0
CInterior = 0
CExterior = 0
Owner = Nobody
ExteriorX = 1969.453735
ExteriorY = -1654.668823
ExteriorZ = 15.968750
ExteriorR = 0.000000
ExteriorA = 3.602826
InteriorX = -501.976318
InteriorY = 2811.023681
InteriorZ = 69.300003
InteriorR = 0.000000
InteriorA = 280.664337
Seguro = 1
Renta = 1
RentaPrecio = 100
Precio = 25000
SafeMoney = 0
Pot = 0
Crack = 0
Materials = 0
Wep1 = 0
Wep2 = 0
Wep3 = 0
Wep4 = 0
Wep5 = 0
