[HouseData]
Venta = 0
Nivel = 5
Interior = 0
CInterior = 0
CExterior = 0
Owner = Nobody
ExteriorX = 280.770568
ExteriorY = -1767.071166
ExteriorZ = 4.546875
ExteriorR = 0.000000
ExteriorA = 358.434631
InteriorX = -561.464721
InteriorY = 2823.065917
InteriorZ = 56.729686
InteriorR = 0.000000
InteriorA = 8.084877
Seguro = 1
Renta = 0
RentaPrecio = 0
Precio = 660000
SafeMoney = 0
Pot = 0
Crack = 0
Materials = 0
Wep1 = 0
Wep2 = 0
Wep3 = 0
Wep4 = 0
Wep5 = 0
