[HouseData]
Venta = 0
Nivel = 3
Interior = 0
CInterior = 0
CExterior = 0
Owner = Nobody
ExteriorX = 1183.461059
ExteriorY = -1076.105346
ExteriorZ = 31.678918
ExteriorR = 0.000000
ExteriorA = 96.326889
InteriorX = -561.715881
InteriorY = 2823.186279
InteriorZ = 56.729686
InteriorR = 0.000000
InteriorA = 353.381683
Seguro = 1
Renta = 0
RentaPrecio = 1
Precio = 65000
SafeMoney = 0
Pot = 0
Crack = 0
Materials = 0
Wep1 = 0
Wep2 = 0
Wep3 = 0
Wep4 = 0
Wep5 = 0
