[HouseData]
Venta = 0
Nivel = 0
Interior = 0
CInterior = 0
CExterior = 0
Owner = Nobody
ExteriorX = 0.000000
ExteriorY = 0.000000
ExteriorZ = 0.000000
ExteriorR = 0.000000
ExteriorA = 0.000000
InteriorX = -585.894042
InteriorY = 2824.794677
InteriorZ = 52.607810
InteriorR = 0.000000
InteriorA = 358.395019
Seguro = 1
Renta = 0
RentaPrecio = 0
Precio = 0
SafeMoney = 0
Pot = 0
Crack = 0
Materials = 0
Wep1 = 0
Wep2 = 0
Wep3 = 0
Wep4 = 0
Wep5 = 0
