[HouseData]
Venta = 0
Nivel = 6
Interior = 0
CInterior = 0
CExterior = 0
Owner = Nobody
ExteriorX = 1540.471435
ExteriorY = -851.449768
ExteriorZ = 64.336059
ExteriorR = 0.000000
ExteriorA = 272.630859
InteriorX = 107.457473
InteriorY = 2791.285400
InteriorZ = 53.139060
InteriorR = 0.000000
InteriorA = 108.184226
Seguro = 1
Renta = 0
RentaPrecio = 0
Precio = 175000
SafeMoney = 0
Pot = 0
Crack = 0
Materials = 0
Wep1 = 0
Wep2 = 0
Wep3 = 0
Wep4 = 0
Wep5 = 0
