[HouseData]
Venta = 0
Nivel = 5
Interior = 0
CInterior = 0
CExterior = 0
Owner = Nobody
ExteriorX = 818.242614
ExteriorY = -509.318908
ExteriorZ = 18.012922
ExteriorR = 0.000000
ExteriorA = 3.770241
InteriorX = -407.766021
InteriorY = 2793.324707
InteriorZ = 69.849998
InteriorR = 0.000000
InteriorA = 77.332244
Seguro = 1
Renta = 0
RentaPrecio = 0
Precio = 100000
SafeMoney = 0
Pot = 0
Crack = 0
Materials = 0
Wep1 = 0
Wep2 = 0
Wep3 = 0
Wep4 = 0
Wep5 = 0
FCount = 1
FModel0 = 1786
FPosX0 = -407.099151
FPosY0 = 2796.698242
FPosZ0 = 69.839286
FRotX0 = -1.000000
FRotY0 = 0.000000
FRotZ0 = -88.800018
