[HouseData]
Venta = 0
Nivel = 3
Interior = 0
CInterior = 0
CExterior = 0
Owner = Nobody
ExteriorX = 1970.034057
ExteriorY = -1671.192749
ExteriorZ = 15.968750
ExteriorR = 0.000000
ExteriorA = 3.603044
InteriorX = -590.792175
InteriorY = 2826.416503
InteriorZ = 58.506004
InteriorR = 0.000000
InteriorA = 263.744171
Seguro = 1
Renta = 0
RentaPrecio = 0
Precio = 25000
SafeMoney = 0
Pot = 0
Crack = 0
Materials = 0
Wep1 = 0
Wep2 = 0
Wep3 = 0
Wep4 = 0
Wep5 = 0
FCount = 3
FModel0 = 1700
FModel1 = 2316
FModel2 = 1798
FPosX0 = -590.674865
FPosY0 = 2828.529052
FPosZ0 = 57.456001
FRotX0 = 0.000000
FRotY0 = 4.300000
FRotZ0 = 0.000000
FPosX1 = -579.762145
FPosY1 = 2825.072509
FPosZ1 = 54.647800
FRotX1 = 0.000000
FRotY1 = 0.000000
FRotZ1 = 0.000000
