[HouseData]
Venta = 0
Nivel = 3
Interior = 0
CInterior = 0
CExterior = 0
Owner = Nobody
ExteriorX = 769.213500
ExteriorY = -1696.169433
ExteriorZ = 5.155416
ExteriorR = 0.000000
ExteriorA = 84.036811
InteriorX = -441.482086
InteriorY = 2772.467285
InteriorZ = 70.429687
InteriorR = 0.000000
InteriorA = 86.804748
Seguro = 1
Renta = 0
RentaPrecio = 0
Precio = 75000
SafeMoney = 0
Pot = 0
Crack = 0
Materials = 0
Wep1 = 0
Wep2 = 0
Wep3 = 0
Wep4 = 0
Wep5 = 0
