[HouseData]
Venta = 0
Nivel = 7
Interior = 0
CInterior = 0
CExterior = 0
Owner = Nobody
ExteriorX = 903.397277
ExteriorY = -1512.967773
ExteriorZ = 14.362890
ExteriorR = 0.000000
ExteriorA = 90.580726
InteriorX = -561.639099
InteriorY = 2823.064697
InteriorZ = 56.729686
InteriorR = 0.000000
InteriorA = 348.849822
Seguro = 1
Renta = 1
RentaPrecio = 500
Precio = 150000
SafeMoney = 0
Pot = 0
Crack = 0
Materials = 0
Wep1 = 0
Wep2 = 0
Wep3 = 0
Wep4 = 0
Wep5 = 0
