[HouseData]
Venta = 0
Nivel = 3
Interior = 0
CInterior = 0
CExterior = 0
Owner = Nobody
ExteriorX = 2091.676513
ExteriorY = -1184.298950
ExteriorZ = 27.057060
ExteriorR = 0.000000
ExteriorA = 9.796230
InteriorX = -407.713165
InteriorY = 2793.724121
InteriorZ = 69.849998
InteriorR = 0.000000
InteriorA = 108.329147
Seguro = 1
Renta = 0
RentaPrecio = 0
Precio = 1
SafeMoney = 0
Pot = 0
Crack = 0
Materials = 0
Wep1 = 0
Wep2 = 0
Wep3 = 0
Wep4 = 0
Wep5 = 0
FCount = 0
FModel0 = 0
FPosX0 = 0.000000
FPosY0 = 0.000000
FPosZ0 = 0.000000
FRotX0 = 0.000000
FRotY0 = 0.000000
FRotZ0 = 0.000000
FModel1 = 0
FPosX1 = 0.000000
FPosY1 = 0.000000
FPosZ1 = 0.000000
FRotX1 = 0.000000
FRotY1 = 0.000000
FRotZ1 = 0.000000
