[HouseData]
Venta = 0
Nivel = 10
Interior = 0
CInterior = 0
CExterior = 0
Owner = Nobody
ExteriorX = 725.429321
ExteriorY = -1276.148803
ExteriorZ = 13.648427
ExteriorR = 0.000000
ExteriorA = 267.647094
InteriorX = 2453.392089
InteriorY = -1368.745483
InteriorZ = -15.985256
InteriorR = 0.000000
InteriorA = 75.620704
Seguro = 1
Renta = 0
RentaPrecio = 0
Precio = 1
SafeMoney = 0
Pot = 0
Crack = 0
Materials = 0
Wep1 = 0
Wep2 = 0
Wep3 = 0
Wep4 = 0
Wep5 = 0
