[HouseData]
Venta = 0
Nivel = 4
Interior = 15
CInterior = 0
CExterior = 0
Owner = Nobody
ExteriorX = -1438.735717
ExteriorY = -1544.807250
ExteriorZ = 102.257812
ExteriorR = 0.000000
ExteriorA = 191.385696
InteriorX = 295.018432
InteriorY = 1472.256713
InteriorZ = 1080.257812
InteriorR = 0.000000
InteriorA = 182.342346
Seguro = 1
Renta = 0
RentaPrecio = 0
Precio = 800000
SafeMoney = 0
Pot = 0
Crack = 0
Materials = 0
Wep1 = 0
Wep2 = 0
Wep3 = 0
Wep4 = 0
Wep5 = 0
