[HouseData]
Venta = 0
Nivel = 3
Interior = 0
CInterior = 0
CExterior = 0
Owner = Nobody
ExteriorX = 867.682556
ExteriorY = -717.592102
ExteriorZ = 105.679687
ExteriorR = 0.000000
ExteriorA = 354.051788
InteriorX = 107.485420
InteriorY = 2791.156250
InteriorZ = 53.139060
InteriorR = 0.000000
InteriorA = 91.287475
Seguro = 1
Renta = 1
RentaPrecio = 600
Precio = 0
SafeMoney = 0
Pot = 0
Crack = 0
Materials = 0
Wep1 = 0
Wep2 = 0
Wep3 = 0
Wep4 = 0
Wep5 = 0
