[HouseData]
Venta = 0
Nivel = 3
Interior = 0
CInterior = 0
CExterior = 0
Owner = Nobody
ExteriorX = 989.769775
ExteriorY = -828.670593
ExteriorZ = 95.468574
ExteriorR = 0.000000
ExteriorA = 214.138656
InteriorX = 2453.533203
InteriorY = -1369.223266
InteriorZ = -15.983858
InteriorR = 0.000000
InteriorA = 20.955045
Seguro = 1
Renta = 0
RentaPrecio = 0
Precio = 2000000
SafeMoney = 0
Pot = 0
Crack = 0
Materials = 0
Wep1 = 0
Wep2 = 0
Wep3 = 0
Wep4 = 0
Wep5 = 0
FCount = 3
FModel0 = 2302
FPosX0 = 2457.749755
FPosY0 = -1342.957641
FPosZ0 = -16.988134
FRotX0 = 0.000000
FRotY0 = 0.000000
FRotZ0 = 0.000000
FModel1 = 2528
FModel2 = 2526
FPosX1 = 2482.372314
FPosY1 = -1355.657592
FPosZ1 = -16.267864
FRotX1 = 0.000000
FRotY1 = -2.700000
FRotZ1 = -93.300003
FPosX2 = 2480.311035
FPosY2 = -1359.208251
FPosZ2 = -16.264953
FRotX2 = 0.000000
FRotY2 = 0.000000
FRotZ2 = 0.000000
