[HouseData]
Venta = 0
Nivel = 4
Interior = 0
CInterior = 0
CExterior = 0
Owner = Nobody
ExteriorX = 739.133361
ExteriorY = -1428.771972
ExteriorZ = 13.898427
ExteriorR = 0.000000
ExteriorA = 1.362861
InteriorX = -561.430053
InteriorY = 2823.072753
InteriorZ = 56.729686
InteriorR = 0.000000
InteriorA = 9.604800
Seguro = 1
Renta = 1
RentaPrecio = 10000
Precio = 230000
SafeMoney = 0
Pot = 0
Crack = 0
Materials = 0
Wep1 = 0
Wep2 = 0
Wep3 = 0
Wep4 = 0
Wep5 = 0
