[HouseData]
Venta = 0
Nivel = 3
Interior = 0
CInterior = 0
CExterior = 0
Owner = Nobody
ExteriorX = 771.106567
ExteriorY = -1510.760253
ExteriorZ = 13.546875
ExteriorR = 0.000000
ExteriorA = 73.094841
InteriorX = 107.485420
InteriorY = 2791.156250
InteriorZ = 53.139060
InteriorR = 0.000000
InteriorA = 91.287475
Seguro = 1
Renta = 1
RentaPrecio = 1000
Precio = 85000
SafeMoney = 0
Pot = 0
Crack = 0
Materials = 0
Wep1 = 0
Wep2 = 0
Wep3 = 0
Wep4 = 0
Wep5 = 0
