[HouseData]
Venta = 0
Nivel = 3
Interior = 0
CInterior = 1
CExterior = 0
Owner = Nobody
ExteriorX = 980.467956
ExteriorY = -677.268920
ExteriorZ = 121.976257
ExteriorR = 0.000000
ExteriorA = 223.070800
InteriorX = -501.825164
InteriorY = 2811.056396
InteriorZ = 69.300003
InteriorR = 0.000000
InteriorA = 271.310852
Seguro = 1
Renta = 1
RentaPrecio = 1000
Precio = 1
SafeMoney = 0
Pot = 0
Crack = 0
Materials = 0
Wep1 = 0
Wep2 = 0
Wep3 = 0
Wep4 = 0
Wep5 = 0
