[HouseData]
Venta = 0
Nivel = 3
Interior = 1
CInterior = 0
CExterior = 0
Owner = Nobody
ExteriorX = 2095.361083
ExteriorY = -1145.298217
ExteriorZ = 26.592920
ExteriorR = 0.000000
ExteriorA = 271.429473
InteriorX = -585.604003
InteriorY = 2825.086669
InteriorZ = 52.607810
InteriorR = 0.000000
InteriorA = 183.633834
Seguro = 1
Renta = 0
RentaPrecio = 1
Precio = 65000
SafeMoney = 0
Pot = 0
Crack = 0
Materials = 0
Wep1 = 0
Wep2 = 0
Wep3 = 0
Wep4 = 0
Wep5 = 0
FCount = 8
FModel0 = 2299
FModel1 = 2514
FModel2 = 1502
FPosX0 = -578.245605
FPosY0 = 2826.726074
FPosZ0 = 51.605949
FRotX0 = 0.000000
FRotY0 = -0.199999
FRotZ0 = -89.799980
FPosX1 = -590.571533
FPosY1 = 2827.539306
FPosZ1 = 51.600055
FRotX1 = 0.000000
FRotY1 = 0.000000
FRotZ1 = 0.000000
FPosX2 = -581.513916
FPosY2 = 2828.195068
FPosZ2 = 51.600002
FRotX2 = 0.000000
FRotY2 = 0.000000
FRotZ2 = -85.800010
FModel3 = 2524
FModel4 = 0
FModel5 = 2257
FModel6 = 19173
FModel7 = 1661
FModel8 = 19319
FPosX3 = -591.913574
FPosY3 = 2824.857421
FPosZ3 = 51.570030
FRotX3 = 0.000000
FRotY3 = 0.000000
FRotZ3 = 91.099975
FPosX4 = 0.000000
FPosY4 = 0.000000
FPosZ4 = 0.000000
FRotX4 = 0.000000
FRotY4 = 0.000000
FRotZ4 = 0.000000
FPosX5 = -581.580810
FPosY5 = 2829.741699
FPosZ5 = 53.297821
FRotX5 = 0.000000
FRotY5 = 0.000000
FRotZ5 = -89.999961
FPosX6 = -577.136596
FPosY6 = 2828.203613
FPosZ6 = 53.554222
FRotX6 = -0.200003
FRotY6 = -0.000000
FRotZ6 = -90.100013
FPosX7 = -584.988586
FPosY7 = 2828.219238
FPosZ7 = 54.307849
FRotX7 = 0.000000
FRotY7 = 0.000000
FRotZ7 = 0.000000
FPosX8 = -577.317626
FPosY8 = 2826.779785
FPosZ8 = 52.226264
FRotX8 = -21.999996
FRotY8 = 0.000000
FRotZ8 = -93.599990
FModel9 = 0
FModel10 = 0
FPosX10 = 0.000000
FPosY10 = 0.000000
FPosZ10 = 0.000000
FRotX10 = 0.000000
FRotY10 = 0.000000
FRotZ10 = 0.000000
FPosX9 = 0.000000
FPosY9 = 0.000000
FPosZ9 = 0.000000
FRotX9 = 0.000000
FRotY9 = 0.000000
FRotZ9 = 0.000000
