[HouseData]
Venta = 0
Nivel = 2
Interior = 0
CInterior = 0
CExterior = 0
Owner = Nobody
ExteriorX = 1905.998535
ExteriorY = -1112.946289
ExteriorZ = 26.664062
ExteriorR = 0.000000
ExteriorA = 357.269287
InteriorX = -561.639099
InteriorY = 2823.064697
InteriorZ = 56.729686
InteriorR = 0.000000
InteriorA = 348.849822
Seguro = 1
Renta = 0
RentaPrecio = 0
Precio = 1
SafeMoney = 0
Pot = 0
Crack = 0
Materials = 0
Wep1 = 0
Wep2 = 0
Wep3 = 0
Wep4 = 0
Wep5 = 0
FCount = 20
FModel0 = 2025
FModel1 = 1745
FModel2 = 14720
FPosX0 = -558.783569
FPosY0 = 2839.946777
FPosZ0 = 55.732559
FRotX0 = 2.199999
FRotY0 = 0.399999
FRotZ0 = 91.300018
FPosX1 = -555.583435
FPosY1 = 2843.182861
FPosZ1 = 55.741249
FRotX1 = -0.399999
FRotY1 = 0.200000
FRotZ1 = 89.100112
FPosX2 = -571.654541
FPosY2 = 2837.780273
FPosZ2 = 55.729759
FRotX2 = 0.000000
FRotY2 = 0.000000
FRotZ2 = -90.399978
FModel3 = 2528
FModel4 = 2524
FPosX3 = -564.484863
FPosY3 = 2836.627197
FPosZ3 = 55.739719
FRotX3 = 0.000000
FRotY3 = 0.000000
FRotZ3 = 92.900016
FPosX4 = -564.431152
FPosY4 = 2837.907958
FPosZ4 = 55.749671
FRotX4 = 0.000000
FRotY4 = 0.000000
FRotZ4 = 90.999946
FModel5 = 1502
FModel6 = 19366
FModel7 = 1502
FModel8 = 19366
FPosX5 = -562.456542
FPosY5 = 2835.570800
FPosZ5 = 55.709739
FRotX5 = 0.000000
FRotY5 = 0.000000
FRotZ5 = 0.000000
FPosX6 = -552.289428
FPosY6 = 2837.323730
FPosZ6 = 57.552909
FRotX6 = 0.000000
FRotY6 = 0.000000
FRotZ6 = 0.000000
FPosX8 = -552.272399
FPosY8 = 2840.519531
FPosZ8 = 57.552932
FRotX8 = 0.000000
FRotY8 = 0.000000
FRotZ8 = 0.000000
FPosX7 = -555.854125
FPosY7 = 2835.396240
FPosZ7 = 55.762992
FRotX7 = 0.000000
FRotY7 = 0.000000
FRotZ7 = -2.100010
FModel9 = 1492
FModel10 = 1492
FModel11 = 1709
FModel12 = 1706
FPosX11 = -552.767822
FPosY11 = 2824.579345
FPosZ11 = 55.739646
FRotX11 = 0.000000
FRotY11 = 0.400001
FRotZ11 = -178.099945
FPosX9 = -552.190368
FPosY9 = 2841.946777
FPosZ9 = 55.772975
FRotX9 = 0.000000
FRotY9 = 0.000000
FRotZ9 = 0.000000
FPosX10 = -549.177429
FPosY10 = 2841.977783
FPosZ10 = 55.772972
FRotX10 = 0.000000
FRotY10 = 0.000000
FRotZ10 = -179.099990
FPosX12 = -569.593383
FPosY12 = 2823.575927
FPosZ12 = 55.764911
FRotX12 = -0.800000
FRotY12 = -0.000000
FRotZ12 = -178.899948
FModel13 = 2111
FModel14 = 19366
FModel15 = 2527
FModel16 = 2118
FModel17 = 1706
FPosX13 = -550.597290
FPosY13 = 2842.087402
FPosZ13 = 60.032939
FRotX13 = 0.000000
FRotY13 = 0.000000
FRotZ13 = -86.799987
FPosX14 = -592.208007
FPosY14 = 2829.673339
FPosZ14 = 51.452804
FRotX14 = 0.000000
FRotY14 = -0.999999
FRotZ14 = 93.299995
FPosX15 = -561.154602
FPosY15 = 2838.865478
FPosZ15 = 55.959709
FRotX15 = 0.000000
FRotY15 = 0.000000
FRotZ15 = 0.000000
FPosX16 = -571.154541
FPosY16 = 2828.118896
FPosZ16 = 55.769706
FRotX16 = 0.000000
FRotY16 = 0.000000
FRotZ16 = -86.299972
FPosX17 = -567.317077
FPosY17 = 2823.552001
FPosZ17 = 55.739700
FRotX17 = 0.000000
FRotY17 = 0.000000
FRotZ17 = -179.599914
FModel18 = 2617
FPosX18 = -554.198120
FPosY18 = 2843.960205
FPosZ18 = 56.362949
FRotX18 = 0.000000
FRotY18 = 0.000000
FRotZ18 = 0.000000
FModel19 = 2357
FPosX19 = -555.310607
FPosY19 = 2830.028564
FPosZ19 = 56.172981
FRotX19 = 0.000000
FRotY19 = 0.000000
FRotZ19 = 0.000000
