[HouseData]
Venta = 0
Nivel = 3
Interior = 0
CInterior = 0
CExterior = 0
Owner = Nobody
ExteriorX = 768.076232
ExteriorY = -1655.438720
ExteriorZ = 5.609375
ExteriorR = 0.000000
ExteriorA = 85.435142
InteriorX = -441.482086
InteriorY = 2772.467285
InteriorZ = 70.429687
InteriorR = 0.000000
InteriorA = 86.804748
Seguro = 1
Renta = 0
RentaPrecio = 0
Precio = 75000
SafeMoney = 0
Pot = 0
Crack = 0
Materials = 0
Wep1 = 0
Wep2 = 0
Wep3 = 0
Wep4 = 0
Wep5 = 0
FCount = 20
FModel0 = 2167
FModel1 = 2119
FModel2 = 2120
FModel3 = 2514
FModel4 = 2518
FModel5 = 2018
FModel6 = 1518
FPosX0 = 0.000000
FPosY0 = 0.000000
FPosZ0 = 0.000000
FRotX0 = 0.000000
FRotY0 = 0.000000
FRotZ0 = 0.000000
FPosX1 = -437.623687
FPosY1 = 2778.270019
FPosZ1 = 69.394332
FRotX1 = 0.200000
FRotY1 = -0.099999
FRotZ1 = 179.700057
FPosX2 = -436.641937
FPosY2 = 2774.938476
FPosZ2 = 70.069648
FRotX2 = 0.000000
FRotY2 = 0.000000
FRotZ2 = 0.000000
FPosX3 = -449.788726
FPosY3 = 2784.072265
FPosZ3 = 69.419685
FRotX3 = 0.000000
FRotY3 = 0.000000
FRotZ3 = 0.000000
FPosX4 = -448.499114
FPosY4 = 2784.132812
FPosZ4 = 69.539695
FRotX4 = 0.000000
FRotY4 = 0.000000
FRotZ4 = 0.000000
FModel7 = 2300
FModel8 = 2120
FModel9 = 2357
FModel10 = 2290
FPosX5 = -440.764739
FPosY5 = 2784.727539
FPosZ5 = 69.319702
FRotX5 = 0.000000
FRotY5 = 0.000000
FRotZ5 = 0.000000
FPosX6 = -438.620819
FPosY6 = 2778.288574
FPosZ6 = 70.479682
FRotX6 = 0.000000
FRotY6 = 0.000000
FRotZ6 = 0.000000
FPosX7 = -445.848571
FPosY7 = 2790.453613
FPosZ7 = 69.448425
FRotX7 = -0.299999
FRotY7 = -0.599998
FRotZ7 = -88.699966
FPosX8 = -440.918487
FPosY8 = 2779.983642
FPosZ8 = 70.187393
FRotX8 = -0.200000
FRotY8 = 1.899999
FRotZ8 = -87.200004
FPosX9 = -439.626159
FPosY9 = 2781.656738
FPosZ9 = 69.824676
FRotX9 = 0.599997
FRotY9 = 0.399998
FRotZ9 = 0.700012
FPosX10 = -437.119323
FPosY10 = 2772.364501
FPosZ10 = 69.382286
FRotX10 = 0.000000
FRotY10 = -1.299999
FRotZ10 = -179.599914
FModel11 = 1811
FModel12 = 1739
FModel13 = 2517
FModel14 = 2571
FModel15 = 2013
FPosX11 = -439.406158
FPosY11 = 2780.049316
FPosZ11 = 69.955917
FRotX11 = 0.000000
FRotY11 = -1.099999
FRotZ11 = -94.500022
FPosX12 = -439.880676
FPosY12 = 2783.256835
FPosZ12 = 70.179710
FRotX12 = 0.000000
FRotY12 = 0.000000
FRotZ12 = 87.400009
FPosX13 = -449.564453
FPosY13 = 2783.146240
FPosZ13 = 69.429695
FRotX13 = 0.000000
FRotY13 = 0.000000
FRotZ13 = -179.100097
FPosX14 = -439.448822
FPosY14 = 2773.905029
FPosZ14 = 69.429710
FRotX14 = 0.000000
FRotY14 = 0.000000
FRotZ14 = 84.599990
FModel16 = 1502
FModel17 = 0
FModel18 = 0
FModel19 = 2822
FModel20 = 2820
FModel21 = 2013
FPosX15 = -439.776123
FPosY15 = 2784.738525
FPosZ15 = 69.309669
FRotX15 = 0.000000
FRotY15 = 0.000000
FRotZ15 = 0.000000
FPosX16 = -444.442413
FPosY16 = 2785.916015
FPosZ16 = 69.399742
FRotX16 = 0.000000
FRotY16 = 0.000000
FRotZ16 = -177.899932
FPosX17 = 0.000000
FPosY17 = 0.000000
FPosZ17 = 0.000000
FRotX17 = 0.000000
FRotY17 = 0.000000
FRotZ17 = 0.000000
FPosX18 = 0.000000
FPosY18 = 0.000000
FPosZ18 = 0.000000
FRotX18 = 0.000000
FRotY18 = 0.000000
FRotZ18 = 0.000000
FPosX19 = -440.800659
FPosY19 = 2784.708007
FPosZ19 = 70.319702
FRotX19 = 0.000000
FRotY19 = 0.000000
FRotZ19 = -92.700035
FPosX20 = -439.870513
FPosY20 = 2784.723388
FPosZ20 = 70.349662
FRotX20 = 0.000000
FRotY20 = 0.000000
FRotZ20 = 0.000000
FPosX21 = -437.777648
FPosY21 = 2784.752929
FPosZ21 = 69.309700
FRotX21 = 0.000000
FRotY21 = 0.000000
FRotZ21 = 0.000000
