[HouseData]
Venta = 0
Nivel = 3
Interior = 0
CInterior = 0
CExterior = 0
Owner = Nobody
ExteriorX = 732.900207
ExteriorY = -1476.209838
ExteriorZ = 5.468750
ExteriorR = 0.000000
ExteriorA = 1.966325
InteriorX = -561.563781
InteriorY = 2823.133789
InteriorZ = 56.729686
InteriorR = 0.000000
InteriorA = 351.599700
Seguro = 1
Renta = 0
RentaPrecio = 0
Precio = 75000
SafeMoney = 0
Pot = 0
Crack = 0
Materials = 0
Wep1 = 0
Wep2 = 0
Wep3 = 0
Wep4 = 0
Wep5 = 0
FCount = 6
FModel0 = 1745
FModel1 = 1502
FModel2 = 2029
FModel3 = 2522
FModel4 = 2528
FModel5 = 2572
FPosX0 = -561.020019
FPosY0 = 2840.470214
FPosZ0 = 56.729686
FRotX0 = 0.000000
FRotY0 = 0.000000
FRotZ0 = 0.000000
FPosX1 = -562.459533
FPosY1 = 2835.322265
FPosZ1 = 55.791183
FRotX1 = 0.000000
FRotY1 = -0.300000
FRotZ1 = 0.000000
FPosX2 = -554.332824
FPosY2 = 2840.923828
FPosZ2 = 55.752967
FRotX2 = -1.300009
FRotY2 = 0.000000
FRotZ2 = 1.900000
FPosX3 = -562.389770
FPosY3 = 2835.017822
FPosZ3 = 56.729686
FRotX3 = 0.000000
FRotY3 = 0.000000
FRotZ3 = 0.000000
