[HouseData]
Venta = 0
Nivel = 3
Interior = 0
CInterior = 0
CExterior = 0
Owner = Nobody
ExteriorX = 1973.153198
ExteriorY = -1559.798828
ExteriorZ = 13.639814
ExteriorR = 0.000000
ExteriorA = 43.159618
InteriorX = -407.766021
InteriorY = 2793.324707
InteriorZ = 69.849998
InteriorR = 0.000000
InteriorA = 69.040634
Seguro = 1
Renta = 0
RentaPrecio = 1
Precio = 40000
SafeMoney = 0
Pot = 0
Crack = 0
Materials = 0
Wep1 = 0
Wep2 = 0
Wep3 = 0
Wep4 = 0
Wep5 = 0
