[HouseData]
Venta = 0
Nivel = 3
Interior = 1
CInterior = 1
CExterior = 0
Owner = Nobody
ExteriorX = 2065.359375
ExteriorY = -1703.450683
ExteriorZ = 14.148427
ExteriorR = 0.000000
ExteriorA = 267.757843
InteriorX = -585.580627
InteriorY = 2824.688232
InteriorZ = 52.607810
InteriorR = 0.000000
InteriorA = 0.924925
Seguro = 1
Renta = 0
RentaPrecio = 0
Precio = 48000
SafeMoney = 0
Pot = 0
Crack = 0
Materials = 0
Wep1 = 0
Wep2 = 0
Wep3 = 0
Wep4 = 0
Wep5 = 0
