[HouseData]
Venta = 0
Nivel = 3
Interior = 1
CInterior = 0
CExterior = 0
Owner = Nobody
ExteriorX = -1427.431152
ExteriorY = -294.314575
ExteriorZ = 14.000000
ExteriorR = 0.000000
ExteriorA = 5.506515
InteriorX = 223.128097
InteriorY = 1287.084594
InteriorZ = 1082.140625
InteriorR = 0.000000
InteriorA = 184.108230
Seguro = 1
Renta = 0
RentaPrecio = 0
Precio = 25000
SafeMoney = 0
Pot = 0
Crack = 0
Materials = 0
Wep1 = 0
Wep2 = 0
Wep3 = 0
Wep4 = 0
Wep5 = 0
