[HouseData]
Venta = 0
Nivel = 5
Interior = 10
CInterior = 0
CExterior = 0
Owner = Nobody
ExteriorX = 1980.379760
ExteriorY = -1718.901000
ExteriorZ = 17.030277
ExteriorR = 0.000000
ExteriorA = 92.950775
InteriorX = 2270.418701
InteriorY = -1210.558959
InteriorZ = 1047.562500
InteriorR = 0.000000
InteriorA = 271.215728
Seguro = 1
Renta = 1
RentaPrecio = 500
Precio = 100000
SafeMoney = 0
Pot = 0
Crack = 0
Materials = 0
Wep1 = 0
Wep2 = 0
Wep3 = 0
Wep4 = 0
Wep5 = 0
