[HouseData]
Venta = 0
Nivel = 0
Interior = 0
CInterior = 0
CExterior = 0
Owner = 
ExteriorX = 0.000000
ExteriorY = 0.000000
ExteriorZ = 0.000000
ExteriorR = 0.000000
ExteriorA = 0.000000
InteriorX = 0.000000
InteriorY = 0.000000
InteriorZ = 0.000000
InteriorR = 0.000000
InteriorA = 0.000000
Seguro = 0
Renta = 0
RentaPrecio = 0
Precio = 0
SafeMoney = 0
Pot = 0
Crack = 0
Materials = 0
Wep1 = 0
Wep2 = 0
Wep3 = 0
Wep4 = 0
Wep5 = 0
