[HouseData]
Venta = 0
Nivel = 7
Interior = 0
CInterior = 0
CExterior = 0
Owner = Nobody
ExteriorX = 824.540893
ExteriorY = -1424.182373
ExteriorZ = 14.498723
ExteriorR = 0.000000
ExteriorA = 180.774307
InteriorX = -561.639099
InteriorY = 2823.064697
InteriorZ = 56.729686
InteriorR = 0.000000
InteriorA = 348.849822
Seguro = 1
Renta = 0
RentaPrecio = 0
Precio = 150000
SafeMoney = 0
Pot = 0
Crack = 0
Materials = 0
Wep1 = 0
Wep2 = 0
Wep3 = 0
Wep4 = 0
Wep5 = 0
FCount = 26
FModel0 = 2514
FPosX0 = -564.338439
FPosY0 = 2836.516845
FPosZ0 = 55.729694
FRotX0 = 0.000000
FRotY0 = 0.000000
FRotZ0 = 89.999969
FModel1 = 2299
FPosX1 = -554.596191
FPosY1 = 2842.302978
FPosZ1 = 55.729686
FRotX1 = 0.000000
FRotY1 = 0.000000
FRotZ1 = 0.000000
FModel2 = 2524
FModel3 = 2526
FPosX2 = -560.564392
FPosY2 = 2837.490478
FPosZ2 = 55.729701
FRotX2 = 0.000000
FRotY2 = 0.000000
FRotZ2 = -90.000007
FPosX3 = -561.883361
FPosY3 = 2839.865966
FPosZ3 = 55.729701
FRotX3 = 0.000000
FRotY3 = 0.000000
FRotZ3 = 0.000000
FModel4 = 2135
FModel5 = 2136
FPosX4 = -572.805725
FPosY4 = 2832.589599
FPosZ4 = 55.727043
FRotX4 = 0.000000
FRotY4 = 0.000000
FRotZ4 = 89.799987
FPosX5 = -572.794372
FPosY5 = 2833.818847
FPosZ5 = 55.727046
FRotX5 = 0.000000
FRotY5 = 0.000000
FRotZ5 = 90.600006
FModel6 = 2417
FPosX6 = -572.898315
FPosY6 = 2836.013671
FPosZ6 = 55.727005
FRotX6 = 0.000000
FRotY6 = 0.000000
FRotZ6 = 90.799972
FModel7 = 2415
FPosX7 = -568.313903
FPosY7 = 2837.545410
FPosZ7 = 55.727039
FRotX7 = 0.000000
FRotY7 = 0.000000
FRotZ7 = 0.000000
FModel8 = 2002
FPosX8 = -569.369934
FPosY8 = 2837.731933
FPosZ8 = 55.727039
FRotX8 = 0.000000
FRotY8 = 0.000000
FRotZ8 = 0.000000
FModel9 = 2167
FPosX9 = -549.139465
FPosY9 = 2844.538818
FPosZ9 = 55.727043
FRotX9 = 0.000000
FRotY9 = 0.000000
FRotZ9 = -87.700080
FModel10 = 1737
FModel11 = 2079
FModel12 = 2079
FModel13 = 1661
FPosX10 = -569.232543
FPosY10 = 2826.212646
FPosZ10 = 55.729721
FRotX10 = 0.000000
FRotY10 = 0.000000
FRotZ10 = 0.000000
FModel14 = 2112
FModel15 = 1502
FPosX14 = -552.437194
FPosY14 = 2830.297851
FPosZ14 = 56.126331
FRotX14 = 0.000000
FRotY14 = 0.000000
FRotZ14 = 0.000000
FPosX13 = -567.977600
FPosY13 = 2827.191162
FPosZ13 = 59.389728
FRotX13 = 0.000000
FRotY13 = 0.000000
FRotZ13 = 0.000000
FPosX15 = -562.458435
FPosY15 = 2835.403076
FPosZ15 = 55.719692
FRotX15 = 0.000000
FRotY15 = 0.000000
FRotZ15 = 0.000000
FPosX12 = -566.999511
FPosY12 = 2826.644775
FPosZ12 = 56.359714
FRotX12 = 0.000000
FRotY12 = 0.000000
FRotZ12 = 0.000000
FPosX11 = -570.406555
FPosY11 = 2826.601074
FPosZ11 = 56.369709
FRotX11 = 0.000000
FRotY11 = 0.000000
FRotZ11 = -179.400070
FModel16 = 1737
FModel17 = 2025
FModel18 = 2340
FModel19 = 1786
FPosX16 = -569.244262
FPosY16 = 2827.172607
FPosZ16 = 55.729732
FRotX16 = 0.000000
FRotY16 = 0.000000
FRotZ16 = 0.000000
FPosX17 = -550.691894
FPosY17 = 2836.157714
FPosZ17 = 55.727039
FRotX17 = 0.000000
FRotY17 = 0.000000
FRotZ17 = -179.999969
FPosX18 = -572.780578
FPosY18 = 2837.247558
FPosZ18 = 55.739715
FRotX18 = 0.000000
FRotY18 = 0.000000
FRotZ18 = 90.200019
FPosX19 = -552.409667
FPosY19 = 2830.489746
FPosZ19 = 56.519710
FRotX19 = 0.000000
FRotY19 = 0.000000
FRotZ19 = -38.099983
FModel20 = 2290
FModel21 = 2255
FPosX20 = -553.500732
FPosY20 = 2826.216308
FPosZ20 = 55.719703
FRotX20 = 0.000000
FRotY20 = 0.000000
FRotZ20 = 179.999877
FPosX21 = -557.318542
FPosY21 = 2845.522216
FPosZ21 = 57.439693
FRotX21 = 0.000000
FRotY21 = 0.000000
FRotZ21 = 0.000000
FModel22 = 918
FModel23 = 1754
FModel24 = 1754
FModel25 = 2290
FPosX22 = -572.949523
FPosY22 = 2831.657226
FPosZ22 = 56.099700
FRotX22 = 0.000000
FRotY22 = 0.000000
FRotZ22 = 0.000000
FPosX23 = -552.361450
FPosY23 = 2823.329101
FPosZ23 = 55.729743
FRotX23 = 0.000000
FRotY23 = 0.000000
FRotZ23 = -179.000061
FPosX24 = -557.952453
FPosY24 = 2823.436767
FPosZ24 = 55.742965
FRotX24 = 0.000000
FRotY24 = 0.000000
FRotZ24 = -179.699966
FPosX25 = -558.115295
FPosY25 = 2827.709716
FPosZ25 = 55.732936
FRotX25 = 0.000000
FRotY25 = 0.000000
FRotZ25 = 90.099929
