[HouseData]
Venta = 0
Nivel = 3
Interior = 0
CInterior = 0
CExterior = 0
Owner = Nobody
ExteriorX = 2152.213867
ExteriorY = -1446.305419
ExteriorZ = 26.105066
ExteriorR = 0.000000
ExteriorA = 266.290588
InteriorX = -586.143310
InteriorY = 2824.875000
InteriorZ = 52.607810
InteriorR = 0.000000
InteriorA = 163.644882
Seguro = 1
Renta = 0
RentaPrecio = 0
Precio = 25000
SafeMoney = 0
Pot = 0
Crack = 0
Materials = 0
Wep1 = 0
Wep2 = 0
Wep3 = 0
Wep4 = 0
Wep5 = 0
