[HouseData]
Venta = 0
Nivel = 3
Interior = 0
CInterior = 0
CExterior = 0
Owner = Nobody
ExteriorX = 2151.048583
ExteriorY = -1807.890991
ExteriorZ = 13.546319
ExteriorR = 0.000000
ExteriorA = 86.892990
InteriorX = -501.825164
InteriorY = 2811.056396
InteriorZ = 69.300003
InteriorR = 0.000000
InteriorA = 271.310852
Seguro = 1
Renta = 0
RentaPrecio = 0
Precio = 25000
SafeMoney = 0
Pot = 0
Crack = 0
Materials = 0
Wep1 = 0
Wep2 = 0
Wep3 = 0
Wep4 = 0
Wep5 = 0
FCount = 10
FModel0 = 2571
FModel1 = 2226
FModel2 = 2299
FPosX0 = -495.471557
FPosY0 = 2812.165039
FPosZ0 = 68.269958
FRotX0 = 1.000001
FRotY0 = 0.000000
FRotZ0 = -92.000015
FPosX1 = -494.465606
FPosY1 = 2810.658203
FPosZ1 = 68.776992
FRotX1 = -4.600037
FRotY1 = -1.600000
FRotZ1 = -92.899986
FPosX2 = -497.751617
FPosY2 = 2811.574218
FPosZ2 = 68.239868
FRotX2 = 0.000000
FRotY2 = 0.000000
FRotZ2 = 0.000000
FModel3 = 19173
FPosX3 = -498.094207
FPosY3 = 2808.445068
FPosZ3 = 71.059997
FRotX3 = 0.000000
FRotY3 = 0.000000
FRotZ3 = 0.000000
FModel4 = 2167
FModel5 = 2255
FPosX4 = -498.243133
FPosY4 = 2808.448730
FPosZ4 = 68.285560
FRotX4 = 0.699991
FRotY4 = 0.100068
FRotZ4 = -178.700027
FPosX5 = -501.744873
FPosY5 = 2809.494628
FPosZ5 = 69.893814
FRotX5 = -0.200001
FRotY5 = -1.600002
FRotZ5 = 90.999816
FModel6 = 1752
FPosX6 = -498.288635
FPosY6 = 2808.421630
FPosZ6 = 69.770027
FRotX6 = 0.000000
FRotY6 = 0.000000
FRotZ6 = -179.800048
FModel7 = 2290
FPosX7 = -501.729583
FPosY7 = 2813.290039
FPosZ7 = 68.282516
FRotX7 = 0.000000
FRotY7 = -0.499998
FRotZ7 = 42.900012
FModel8 = 2069
FModel9 = 19319
FPosX9 = -500.716735
FPosY9 = 2814.306640
FPosZ9 = 68.996864
FRotX9 = -19.399999
FRotY9 = 95.199890
FRotZ9 = 38.999977
FModel10 = 0
FPosX10 = 0.000000
FPosY10 = 0.000000
FPosZ10 = 0.000000
FRotX10 = 0.000000
FRotY10 = 0.000000
FRotZ10 = 0.000000
FPosX8 = -498.495391
FPosY8 = 2815.053710
FPosZ8 = 68.317337
FRotX8 = 0.000000
FRotY8 = 0.000000
FRotZ8 = 0.000000
