[HouseData]
Venta = 0
Nivel = 1
Interior = 2
CInterior = 0
CExterior = 0
Owner = Nobody
ExteriorX = -419.000518
ExteriorY = -1759.300903
ExteriorZ = 6.218750
ExteriorR = 0.000000
ExteriorA = 31.854894
InteriorX = 266.499389
InteriorY = 305.000915
InteriorZ = 999.148437
InteriorR = 0.000000
InteriorA = 91.082534
Seguro = 1
Renta = 1
RentaPrecio = 100
Precio = 80000
SafeMoney = 0
Pot = 0
Crack = 0
Materials = 0
Wep1 = 0
Wep2 = 0
Wep3 = 0
Wep4 = 0
Wep5 = 0
