[HouseData]
Venta = 0
Nivel = 3
Interior = 0
CInterior = 0
CExterior = 0
Owner = Nobody
ExteriorX = 2017.690551
ExteriorY = -1629.895751
ExteriorZ = 13.712096
ExteriorR = 0.000000
ExteriorA = 87.781181
InteriorX = -585.761230
InteriorY = 2824.840087
InteriorZ = 52.607810
InteriorR = 0.000000
InteriorA = 349.977050
Seguro = 1
Renta = 0
RentaPrecio = 0
Precio = 48000
SafeMoney = 0
Pot = 0
Crack = 0
Materials = 0
Wep1 = 0
Wep2 = 0
Wep3 = 0
Wep4 = 0
Wep5 = 0
FCount = 2
FModel0 = 1985
FModel1 = 1798
