[HouseData]
Venta = 0
Nivel = 3
Interior = 0
CInterior = 0
CExterior = 0
Owner = Nobody
ExteriorX = 1973.276855
ExteriorY = -1705.152954
ExteriorZ = 15.968750
ExteriorR = 0.000000
ExteriorA = 357.359741
InteriorX = -501.813995
InteriorY = 2811.594238
InteriorZ = 69.300003
InteriorR = 0.000000
InteriorA = 95.024070
Seguro = 1
Renta = 0
RentaPrecio = 1
Precio = 25000
SafeMoney = 0
Pot = 0
Crack = 0
Materials = 0
Wep1 = 0
Wep2 = 0
Wep3 = 0
Wep4 = 0
Wep5 = 0
FCount = 1
FModel0 = 2595
