[HouseData]
Venta = 0
Nivel = 3
Interior = 0
CInterior = 0
CExterior = 0
Owner = Nobody
ExteriorX = 2146.797851
ExteriorY = -1470.493041
ExteriorZ = 26.042566
ExteriorR = 0.000000
ExteriorA = 268.797302
InteriorX = -585.958068
InteriorY = 2824.894042
InteriorZ = 52.607810
InteriorR = 0.000000
InteriorA = 285.291931
Seguro = 1
Renta = 0
RentaPrecio = 0
Precio = 25000
SafeMoney = 0
Pot = 0
Crack = 0
Materials = 0
Wep1 = 0
Wep2 = 0
Wep3 = 0
Wep4 = 0
Wep5 = 0
