[HouseData]
Venta = 0
Nivel = 5
Interior = 0
CInterior = 0
CExterior = 0
Owner = Nobody
ExteriorX = 1332.094604
ExteriorY = -633.496520
ExteriorZ = 109.134902
ExteriorR = 0.000000
ExteriorA = 202.791687
InteriorX = -561.725769
InteriorY = 2823.156250
InteriorZ = 56.729686
InteriorR = 0.000000
InteriorA = 2.154858
Seguro = 1
Renta = 1
RentaPrecio = 5000
Precio = 360000
SafeMoney = 0
Pot = 0
Crack = 0
Materials = 0
Wep1 = 0
Wep2 = 0
Wep3 = 0
Wep4 = 0
Wep5 = 0
FCount = 1
FModel0 = 1703
FPosX0 = -562.050842
FPosY0 = 2820.891845
FPosZ0 = 56.729686
FRotX0 = 0.000000
FRotY0 = 0.000000
FRotZ0 = 0.000000
