[HouseData]
Venta = 0
Nivel = 8
Interior = 1
CInterior = 0
CExterior = 0
Owner = Nobody
ExteriorX = 295.206298
ExteriorY = -1764.125732
ExteriorZ = 4.865022
ExteriorR = 0.000000
ExteriorA = 359.937438
InteriorX = -449.899078
InteriorY = 2801.059814
InteriorZ = 69.400001
InteriorR = 0.000000
InteriorA = 264.080596
Seguro = 1
Renta = 0
RentaPrecio = 0
Precio = 350000
SafeMoney = 0
Pot = 0
Crack = 0
Materials = 0
Wep1 = 0
Wep2 = 0
Wep3 = 0
Wep4 = 0
Wep5 = 0
