[HouseData]
Tipo = 4
Nombre = Sex Shop
Dueño = 
ExteriorX = 2421.559814
ExteriorY = -1219.249633
ExteriorZ = 25.561138
InteriorX = -2636.543212
InteriorY = 1402.463500
InteriorZ = 906.460937
Interior = 3
MiscX = -2634.273681
MiscY = 1409.565063
MiscZ = 906.464660
Vault = 0
Precio = 900000
Stock = 800
Locked = 0
[HouseData]
Precio = 350000
Vault = 10
Stock = 799
