[HouseData]
Tipo = 3
Nombre = 24-7 Shop
Dueño = 
ExteriorX = 1418.913085
ExteriorY = -1553.709960
ExteriorZ = 13.562500
InteriorX = 1727.053955
InteriorY = -1637.833740
InteriorZ = 20.222940
Interior = 18
MiscX = 1732.877807
MiscY = -1647.959838
MiscZ = 20.232391
Vault = 0
Precio = 1000000
Stock = 0
Locked = 0
