[HouseData]
Tipo = 2
Nombre = Nike
Dueño = 
ExteriorX = 2112.721923
ExteriorY = -1211.458618
ExteriorZ = 23.962867
InteriorX = 203.950393
InteriorY = -49.822101
InteriorZ = 1001.804687
Interior = 1
MiscX = 214.153900
MiscY = -40.257343
MiscZ = 1002.023437
Vault = 0
Precio = 190000
Stock = 800
Locked = 0
[HouseData]
Precio = 10000000
Vault = 290
Stock = 779
