[HouseData]
Tipo = 6
Nombre = Ammunation
Dueño = 
ExteriorX = 1368.326660
ExteriorY = -1279.591186
ExteriorZ = 13.546875
InteriorX = 315.810302
InteriorY = -143.586303
InteriorZ = 999.601562
Interior = 7
MiscX = 303.500030
MiscY = -143.089553
MiscZ = 999.601562
Vault = 0
Precio = 150000
Stock = 7301
Locked = 0
[HouseData]
Precio = 10000000
Stock = 7301
Vault = 0
