[HouseData]
Tipo = 3
Nombre = 24-7 Shop
Dueño = 
ExteriorX = 1833.780273
ExteriorY = -1842.601440
ExteriorZ = 13.578125
InteriorX = -25.570781
InteriorY = -141.143249
InteriorZ = 1003.546875
Interior = 16
MiscX = -25.570781
MiscY = -141.143249
MiscZ = 1003.546875
Vault = 0
Precio = 340000
Stock = 18439
Locked = 0
[HouseData]
Stock = 17926
Vault = 56280
Tipo = 3
Nombre = 24-7 Shop
Dueño = Guido_Gardelli
ExteriorX = 1833.780273
ExteriorY = -1842.601440
ExteriorZ = 13.578125
InteriorX = -25.570781
InteriorY = -141.143249
InteriorZ = 1003.546875
Interior = 16
MiscX = -25.570781
MiscY = -141.143249
MiscZ = 1003.546875
Precio = 340000
Locked = 0
