[HouseData]
Tipo = 5
Nombre = Tienda de muebles
Dueño = 
ExteriorX = 504.504028
ExteriorY = -1406.381225
ExteriorZ = 16.158393
InteriorX = -304.402038
InteriorY = 22.951942
InteriorZ = 1562.297119
Interior = 1
MiscX = -298.922882
MiscY = 27.151790
MiscZ = 1562.297119
Vault = 0
Precio = 4680000
Stock = 100468
Locked = 0
