[HouseData]
Tipo = 5
Nombre = Negocio de Muebles
Dueño = 
ExteriorX = 2130.230468
ExteriorY = -1761.632568
ExteriorZ = 13.562500
InteriorX = -2240.781738
InteriorY = 137.150695
InteriorZ = 1035.414062
Interior = 6
MiscX = -2238.133300
MiscY = 128.585906
MiscZ = 1035.414062
Vault = 0
Precio = 240000
Stock = 14452
Locked = 0
[HouseData]
Precio = 850000
Tipo = 5
Nombre = Negocio de Muebles
Dueño = 
ExteriorX = 2130.230468
ExteriorY = -1761.632568
ExteriorZ = 13.562500
InteriorX = -2240.781738
InteriorY = 137.150695
InteriorZ = 1035.414062
Interior = 6
MiscX = -2238.133300
MiscY = 128.585906
MiscZ = 1035.414062
Vault = 0
Stock = 14452
Locked = 1
