[HouseData]
Tipo = 3
Nombre = 24-7 Shop
Dueño = 
ExteriorX = 1349.520141
ExteriorY = -1766.802124
ExteriorZ = 13.317276
InteriorX = -27.270666
InteriorY = -57.930961
InteriorZ = 1003.546875
Interior = 6
MiscX = -37.544883
MiscY = -48.347728
MiscZ = 1003.546875
Vault = 0
Precio = 250000
Stock = 8745
Locked = 0
[HouseData]
Stock = 8734
Vault = 660
Tipo = 3
Nombre = 24-7 Shop
Dueño = 
ExteriorX = 1349.520141
ExteriorY = -1766.802124
ExteriorZ = 13.317276
InteriorX = -27.270666
InteriorY = -57.930961
InteriorZ = 1003.546875
Interior = 6
MiscX = -37.544883
MiscY = -48.347728
MiscZ = 1003.546875
Precio = 250000
Locked = 1
