[HouseData]
Tipo = 1
Nombre = Restaurant
Dueño = 
ExteriorX = 1419.171020
ExteriorY = -1623.771362
ExteriorZ = 13.546875
InteriorX = -794.901794
InteriorY = 489.282379
InteriorZ = 1376.195312
Interior = 1
MiscX = -777.391967
MiscY = 496.076049
MiscZ = 1368.523437
Vault = 0
Precio = 800000
Stock = 5991
Locked = 0
[HouseData]
Vault = 1439
Stock = 5774
