[HouseData]
Tipo = 0
Nombre = 0.000000
Dueño = 
ExteriorX = 0.000000
ExteriorY = 0.000000
ExteriorZ = 0.000000
InteriorX = 0.000000
InteriorY = 0.000000
InteriorZ = 0.000000
Interior = 0
MiscX = 0.000000
MiscY = 0.000000
MiscZ = 0.000000
Vault = 0
Precio = 0
Stock = 0
Locked = 1
