[HouseData]
Tipo = 2
Nombre = Binco
Dueño = 
ExteriorX = 2244.342285
ExteriorY = -1665.552490
ExteriorZ = 15.476552
InteriorX = 207.720901
InteriorY = -110.957336
InteriorZ = 1005.132812
Interior = 15
MiscX = 214.736480
MiscY = -110.920845
MiscZ = 1005.132812
Vault = 0
Precio = 370000
Stock = 5004
Locked = 0
[HouseData]
Vault = 5286
Stock = 4617
Precio = 10000000
