[HouseData]
Tipo = 3
Nombre = 24-7 Shop
Dueño = 
ExteriorX = 1928.749633
ExteriorY = -1776.226806
ExteriorZ = 13.546875
InteriorX = -27.467252
InteriorY = -58.149658
InteriorZ = 1003.546875
Interior = 6
MiscX = -22.576822
MiscY = -57.372337
MiscZ = 1003.546875
Vault = 0
Precio = 240000
Stock = 7088
Locked = 0
[HouseData]
Stock = 7086
Vault = 208
Tipo = 3
Nombre = 24-7 Shop
Dueño = 
ExteriorX = 1928.749633
ExteriorY = -1776.226806
ExteriorZ = 13.546875
InteriorX = -27.467252
InteriorY = -58.149658
InteriorZ = 1003.546875
Interior = 6
MiscX = -22.576822
MiscY = -57.372337
MiscZ = 1003.546875
Precio = 240000
Locked = 1
