[HouseData]
Tipo = 1
Nombre = Negocio de Comida
Dueño = 
ExteriorX = 1038.240112
ExteriorY = -1340.732299
ExteriorZ = 13.741786
InteriorX = 377.074279
InteriorY = -193.304397
InteriorZ = 1000.632812
Interior = 17
MiscX = 380.750152
MiscY = -189.113265
MiscZ = 1000.632812
Vault = 0
Precio = 800000
Stock = 3253
Locked = 0
[HouseData]
Vault = 200
Stock = 3213
