[HouseData]
Tipo = 2
Nombre = Zip
Dueño = 
ExteriorX = 1457.381469
ExteriorY = -1137.567993
ExteriorZ = 23.972839
InteriorX = 161.487655
InteriorY = -96.765533
InteriorZ = 1001.804687
Interior = 18
MiscX = 161.404403
MiscY = -81.191108
MiscZ = 1001.804687
Vault = 0
Precio = 240000
Stock = 777
Locked = 0
[HouseData]
Vault = 686
Stock = 725
Precio = 10000000
