[HouseData]
Tipo = 1
Nombre = Chicken Shop
Dueño = 
ExteriorX = 928.911254
ExteriorY = -1352.787963
ExteriorZ = 13.343750
InteriorX = 365.049316
InteriorY = -11.841053
InteriorZ = 1001.851562
Interior = 9
MiscX = 381.090454
MiscY = -8.831418
MiscZ = 1001.851562
Vault = 0
Precio = 450000
Stock = 2563
Locked = 0
[HouseData]
Vault = 438
Stock = 2475
