[HouseData]
Tipo = 1
Nombre = Negocio de Comida
Dueño = 
ExteriorX = 1309.927978
ExteriorY = -1366.806152
ExteriorZ = 13.506478
InteriorX = 238.858474
InteriorY = 321.693511
InteriorZ = 956.354675
Interior = 0
MiscX = 218.702514
MiscY = 332.705383
MiscZ = 955.963134
Vault = 0
Precio = 670000
Stock = 8770
Locked = 0
[HouseData]
Vault = 4996
Stock = 8051
