[HouseData]
Tipo = 2
Nombre = Negocio de Ropa
Dueño = 
ExteriorX = 1219.190673
ExteriorY = -1811.707153
ExteriorZ = 16.593750
InteriorX = 288.838653
InteriorY = 166.922775
InteriorZ = 1007.171875
Interior = 3
MiscX = 301.243011
MiscY = 191.036422
MiscZ = 1007.171875
Vault = 0
Precio = 300000
Stock = 992
Locked = 0
