[HouseData]
Tipo = 5
Nombre = Tienda de Objetos
Dueño = 
ExteriorX = 1081.201416
ExteriorY = -1696.786621
ExteriorZ = 13.546875
InteriorX = -52.097457
InteriorY = -736.498413
InteriorZ = 641.023193
Interior = 1
MiscX = -52.354824
MiscY = -721.150512
MiscZ = 641.023193
Vault = 0
Precio = 700000
Stock = 409
Locked = 0
