[HouseData]
Tipo = 7
Nombre = Pescadería
Dueño = 
ExteriorX = 2941.955078
ExteriorY = -1480.411621
ExteriorZ = 10.979475
InteriorX = 981.680114
InteriorY = -1946.967407
InteriorZ = 2835.000000
Interior = 0
MiscX = 987.635742
MiscY = -1936.938354
MiscZ = 2835.007812
Vault = 0
Precio = 140000
Stock = 102862
Locked = 0
[HouseData]
Stock = 101936
Vault = 11475
Tipo = 7
Nombre = Pescadería
Dueño = Ruben_Jara
ExteriorX = 2941.955078
ExteriorY = -1480.411621
ExteriorZ = 10.979475
InteriorX = 981.680114
InteriorY = -1946.967407
InteriorZ = 2835.000000
Interior = 0
MiscX = 990.322814
MiscY = -1942.938110
MiscZ = 2835.007812
Precio = 10000000
Locked = 0
