[HouseData]
Tipo = 3
Nombre = 24-7 Shop
Dueño = 
ExteriorX = 1315.429931
ExteriorY = -897.921386
ExteriorZ = 39.578125
InteriorX = -27.485527
InteriorY = -31.096693
InteriorZ = 1003.557250
Interior = 4
MiscX = -34.679779
MiscY = -30.504331
MiscZ = 1003.557250
Vault = 0
Precio = 350500
Stock = 108547
Locked = 0
[HouseData]
Stock = 108543
Vault = 374
Tipo = 3
Nombre = 24-7 Shop
Dueño = 
ExteriorX = 1315.429931
ExteriorY = -897.921386
ExteriorZ = 39.578125
InteriorX = -27.485527
InteriorY = -31.096693
InteriorZ = 1003.557250
Interior = 4
MiscX = -34.679779
MiscY = -30.504331
MiscZ = 1003.557250
Precio = 350500
Locked = 1
