[HouseData]
Tipo = 5
Nombre = Tienda de muebles
Dueño = 
ExteriorX = 2096.135009
ExteriorY = -1212.074462
ExteriorZ = 23.963771
InteriorX = -52.097457
InteriorY = -736.498413
InteriorZ = 641.023193
Interior = 1
MiscX = -53.302082
MiscY = -727.100402
MiscZ = 641.023193
Vault = 0
Precio = 800000
Stock = 1034
Locked = 0
[HouseData]
Precio = 10000000
