[HouseData]
Tipo = 1
Nombre = Negocio de Comida
Dueño = 
ExteriorX = 1205.749633
ExteriorY = -917.866271
ExteriorZ = 43.080894
InteriorX = 362.876312
InteriorY = -75.169509
InteriorZ = 1001.507812
Interior = 10
MiscX = 381.618988
MiscY = -57.128002
MiscZ = 1001.515136
Vault = 0
Precio = 660000
Stock = 9338
Locked = 0
[HouseData]
Vault = 1819
Stock = 9113
Precio = 10000000
