[HouseData]
Tipo = 2
Nombre = Tienda de Ropa
Dueño = 
ExteriorX = 454.065460
ExteriorY = -1477.825927
ExteriorZ = 30.808218
InteriorX = 204.554306
InteriorY = -168.454803
InteriorZ = 1000.523437
Interior = 14
MiscX = 204.604309
MiscY = -159.352142
MiscZ = 1000.523437
Vault = 0
Precio = 340000
Stock = 1000
Locked = 0
[HouseData]
Vault = 240
Stock = 983
